-1.236870189602612413e-10
-1.236924035419306733e-10
-1.236870189602612413e-10
-1.226058560233056483e-10
-1.226079099359012048e-10
-1.226058560233056483e-10
-1.207914185341607549e-10
-1.207927091684268817e-10
-1.207914185341607549e-10
-8.233516646249938731e-11
-8.235975790249483452e-11
-8.233516646249938731e-11
-2.088790512083660289e-12
-2.088792029966701769e-12
-2.088790512083660289e-12
8.490097513913497096e-12
8.483398879211012655e-12
8.490097513913497096e-12
3.124558944911370872e-11
3.124572822699178687e-11
3.124558944911370872e-11
1.709036245856054848e-10
1.709037356079079473e-10
1.709036245856054848e-10
1.905273716573674392e-10
1.905277186020626345e-10
1.905273716573674392e-10
1.933078697113899125e-10
1.933079946114801828e-10
1.933078697113899125e-10
2.144175947904614077e-10
2.144180388796712577e-10
2.144175947904614077e-10
3.846392926387665057e-10
3.846396812168251245e-10
3.846392926387665057e-10
6.381177253267367178e-10
6.381179473713416428e-10
6.381177253267367178e-10
1.227047574658968188e-09
1.227048573859690350e-09
1.227047574658968188e-09
-2.934444631730315223e-10
-2.934445186841827535e-10
-2.934444631730315223e-10
-2.930522768895826857e-10
-2.930526654676413045e-10
-2.930522768895826857e-10
-1.965163171080419602e-10
-1.965166918083127712e-10
-1.965163171080419602e-10
-3.302052034581670625e-11
-3.304671120085700409e-11
-3.302052034581670625e-11
1.001579791326534519e-10
1.002240929137698799e-10
1.001579791326534519e-10
2.065162901798700545e-10
2.065262127981526419e-10
2.065162901798700545e-10
2.820753630672356849e-10
2.820791378255194104e-10
2.820753630672356849e-10
2.118276665186158425e-10
2.118283881635818489e-10
2.118276665186158425e-10
2.535687215754478530e-10
2.535688325977503155e-10
2.535687215754478530e-10
3.177449414693001017e-10
3.177468288484419645e-10
3.177449414693001017e-10
5.296652005881696823e-10
5.296655891662283011e-10
5.296652005881696823e-10
8.210765400917807710e-10
8.210771507144443149e-10
8.210765400917807710e-10
9.225386010669467396e-10
9.225388231115516646e-10
9.225386010669467396e-10
7.512964694811330446e-10
7.512972466372502822e-10
7.512964694811330446e-10
-1.497863166832757997e-09
-1.497863166832757997e-09
-1.497863166832757997e-09
-1.445970676527963406e-09
-1.445970787550265868e-09
-1.445970676527963406e-09
-8.328909228971781431e-10
-8.328917555644466120e-10
-8.328909228971781431e-10
-1.000140040230412808e-10
-1.002319546805630068e-10
-1.000140040230412808e-10
5.863162039210223497e-11
5.867360070022087370e-11
5.863162039210223497e-11
1.703896468363552685e-10
1.703929358720657206e-10
1.703896468363552685e-10
2.380592112327661880e-10
2.380630415022011448e-10
2.380592112327661880e-10
2.666327159062120700e-10
2.666332432621487669e-10
2.666327159062120700e-10
3.416433524972006808e-10
3.416451566096156967e-10
3.416433524972006808e-10
5.113384160537748357e-10
5.113397483214043859e-10
5.113384160537748357e-10
5.771932376497090900e-10
5.771932376497090900e-10
5.771932376497090900e-10
4.760608018905543304e-10
4.760614125132178742e-10
4.760608018905543304e-10
4.858400903806625593e-10
4.858402569141162530e-10
4.858400903806625593e-10
4.489577043464976214e-10
4.489577043464976214e-10
4.489577043464976214e-10
-2.371481455654134152e-09
-2.371494334241219804e-09
-2.371481455654134152e-09
-7.492477749337922432e-10
-7.492477749337922432e-10
-7.492477749337922432e-10
-8.413197916112835628e-11
-8.413265917273093919e-11
-8.413197916112835628e-11
-3.232263415253733285e-11
-3.233875320307610934e-11
-3.232263415253733285e-11
1.138584226900718477e-10
1.139159669372169503e-10
1.138584226900718477e-10
1.496595486427665378e-10
1.496639895348650384e-10
1.496595486427665378e-10
2.275680893726317322e-10
2.275703930854078294e-10
2.275680893726317322e-10
2.802938992019221587e-10
2.802949816693711682e-10
2.802938992019221587e-10
3.108031609855288480e-10
3.108038548749192387e-10
3.108031609855288480e-10
3.573744633555975270e-10
3.573748519336561458e-10
3.573744633555975270e-10
4.464567326945001469e-10
4.464568714723782250e-10
4.464567326945001469e-10
2.930237719134254348e-10
2.930239662024547442e-10
2.930237719134254348e-10
1.485407907786395754e-10
1.485408462897908066e-10
1.485407907786395754e-10
1.073321431732665587e-10
1.073321501121604626e-10
1.073321431732665587e-10
-3.649082103152068157e-08
-3.649082813694803917e-08
-3.649082103152068157e-08
-6.683748665636812802e-09
-6.683748665636812802e-09
-6.683748665636812802e-09
-8.666612982821675359e-10
-8.666617978825286173e-10
-8.666612982821675359e-10
-7.085008361246147857e-12
-7.091108950030289293e-12
-7.085008361246147857e-12
1.018066464464340015e-10
1.017127770897019445e-10
1.018066464464340015e-10
2.762789996779702051e-10
2.762842177261859433e-10
2.762789996779702051e-10
2.756472550213828754e-10
2.756498085343395132e-10
2.756472550213828754e-10
3.517837410260682418e-10
3.517845459377610950e-10
3.517837410260682418e-10
5.019277216078421588e-10
5.019281656970520089e-10
5.019277216078421588e-10
4.166337830291411137e-10
4.166339495625948075e-10
4.166337830291411137e-10
1.066234392443909940e-10
1.066235363889056487e-10
1.066234392443909940e-10
1.782400893546309817e-10
1.782402003769334442e-10
1.782400893546309817e-10
2.587278724597297241e-10
2.587279279708809554e-10
2.587278724597297241e-10
1.157599641143924885e-10
1.157599779921802963e-10
1.157599641143924885e-10
-2.486059536010998272e-08
-2.486071970508874074e-08
-2.486059536010998272e-08
-5.238603772994565588e-09
-5.238604217083775438e-09
-5.238603772994565588e-09
-6.515414874286307167e-10
-6.515513684135498806e-10
-6.515414874286307167e-10
5.015985118038933377e-14
5.015585318487829347e-14
5.015985118038933377e-14
4.316430893269718183e-11
4.317116109042729022e-11
4.316430893269718183e-11
1.756781352335590185e-11
1.756804771102515872e-11
1.756781352335590185e-11
2.383234755376495428e-11
2.383246551496132071e-11
2.383234755376495428e-11
1.546296701793181683e-10
1.546297950794084386e-10
1.546296701793181683e-10
1.124453308243289484e-10
1.124454973577826422e-10
1.124453308243289484e-10
1.312907144113140134e-10
1.312907144113140134e-10
1.312907144113140134e-10
1.865055887506628096e-10
1.865056858951774643e-10
1.865055887506628096e-10
2.897004164337246834e-11
2.897005725588375213e-11
2.897004164337246834e-11
2.282556609001229475e-11
2.282557476362967464e-11
2.282556609001229475e-11
1.324247655976051874e-10
1.324247794753929952e-10
1.324247655976051874e-10
-4.850767682494649957e-13
-4.850793161245703367e-13
-4.850767682494649957e-13
-3.251895627776058006e-11
-3.252072916515302836e-11
-3.251895627776058006e-11
-1.749372348369693242e-11
-1.749373215731431230e-11
-1.749372348369693242e-11
2.958152603080299592e-12
2.958672586442223640e-12
2.958152603080299592e-12
3.262757078403843991e-11
3.262937142700650384e-11
3.262757078403843991e-11
3.197917486374990403e-10
3.197917486374990403e-10
3.197917486374990403e-10
4.498283134868330535e-10
4.498285077758623629e-10
4.498283134868330535e-10
2.324456599422930481e-10
2.324457570868077028e-10
2.324456599422930481e-10
9.120822153096952434e-11
9.120824928654513997e-11
9.120822153096952434e-11
1.239880004222371213e-10
1.239880836889639681e-10
1.239880004222371213e-10
2.717441549560106751e-10
2.717441827115862907e-10
2.717441549560106751e-10
2.695970668931124692e-10
2.695970668931124692e-10
2.695970668931124692e-10
8.935611972571422257e-11
8.935615442018374210e-11
8.935611972571422257e-11
5.067517586110348304e-11
5.067518279999738695e-11
5.067517586110348304e-11
7.762956388823738507e-10
7.763463760745992204e-10
7.762956388823738507e-10
7.807941793114281381e-12
7.810555154030840441e-12
7.807941793114281381e-12
5.944310321748247361e-11
5.944311015637637752e-11
5.944310321748247361e-11
1.260564708172040582e-10
1.260570398065041786e-10
1.260564708172040582e-10
1.617192907366060695e-10
1.617193184921816851e-10
1.617192907366060695e-10
3.278265159334381451e-10
3.278265159334381451e-10
3.278265159334381451e-10
5.526092361485268611e-10
5.526092361485268611e-10
5.526092361485268611e-10
6.938358221297846740e-10
6.938358221297846740e-10
6.938358221297846740e-10
6.508413807893020930e-10
6.508413807893020930e-10
6.508413807893020930e-10
4.721895652259888720e-10
4.721896207371401033e-10
4.721895652259888720e-10
3.179944640940846057e-10
3.179944918496602213e-10
3.179944640940846057e-10
3.197121734022090322e-10
3.197121734022090322e-10
3.197121734022090322e-10
2.792604480994498317e-10
2.792604758550254473e-10
2.792604480994498317e-10
5.541692799093667077e-11
5.541693492983057467e-11
5.541692799093667077e-11
1.249528569502444952e-08
1.249544379078315615e-08
1.249528569502444952e-08
1.055571047237080506e-10
1.055616496992151099e-10
1.055571047237080506e-10
1.999979522271377874e-11
1.999988195888757758e-11
1.999979522271377874e-11
8.338477130998001030e-11
8.338564561061190261e-11
8.338477130998001030e-11
9.133510059378124879e-10
9.133510059378124879e-10
9.133510059378124879e-10
1.331498022949517690e-09
1.331498133971820153e-09
1.331498022949517690e-09
8.728194833551583542e-10
8.728194833551583542e-10
8.728194833551583542e-10
6.037739752606796628e-10
6.037740862829821253e-10
6.037739752606796628e-10
5.506358147222556454e-10
5.506360922780118017e-10
5.506358147222556454e-10
4.958702892743360735e-10
4.958702892743360735e-10
4.958702892743360735e-10
3.766431333485087407e-10
3.766431611040843563e-10
3.766431333485087407e-10
2.640739293902072404e-10
2.640739293902072404e-10
2.640739293902072404e-10
1.882614480974709181e-10
1.882614758530465338e-10
1.882614480974709181e-10
9.914298548796551813e-11
9.914299936575332595e-11
9.914298548796551813e-11
1.934220072996595263e-08
1.934230198230579845e-08
1.934220072996595263e-08
8.638536108662719926e-09
8.638557424944792729e-09
8.638536108662719926e-09
2.484031424998534021e-09
2.484048966522323099e-09
2.484031424998534021e-09
2.080027927675587307e-09
2.080028371764797157e-09
2.080027927675587307e-09
1.757290424286850339e-09
1.757290646331455264e-09
1.757290424286850339e-09
5.411637249430611973e-10
5.411639469876661224e-10
5.411637249430611973e-10
4.579842893814856097e-10
4.579846502039686129e-10
4.579842893814856097e-10
5.344857334499408807e-10
5.344861775391507308e-10
5.344857334499408807e-10
4.986916990468159838e-10
4.986917545579672151e-10
4.986916990468159838e-10
4.749402537918001599e-10
4.749402537918001599e-10
4.749402537918001599e-10
4.543494191988628472e-10
4.543496967546190035e-10
4.543494191988628472e-10
3.469432241498537905e-10
3.469433074165806374e-10
3.469432241498537905e-10
2.646525776306418720e-10
2.646526331417931033e-10
2.646525776306418720e-10
2.610010263470741165e-10
2.610010263470741165e-10
2.610010263470741165e-10
2.619509054113677848e-08
2.619509054113677848e-08
2.619509054113677848e-08
4.089333760504132442e-09
4.089335536860971843e-09
4.089333760504132442e-09
3.611734467057203801e-09
3.611735355235623501e-09
3.611734467057203801e-09
1.870691601624230316e-09
1.870692045713440166e-09
1.870691601624230316e-09
7.903737664349819170e-10
7.903737664349819170e-10
7.903737664349819170e-10
9.617696639097061961e-10
9.617696639097061961e-10
9.617696639097061961e-10
1.549086414698308545e-09
1.549086414698308545e-09
1.549086414698308545e-09
2.008440525003152288e-09
2.008440525003152288e-09
2.008440525003152288e-09
2.574101820584928646e-09
2.574101820584928646e-09
2.574101820584928646e-09
2.826222367247055445e-09
2.826222589291660370e-09
2.826222367247055445e-09
2.849800617710229744e-09
2.849800617710229744e-09
2.849800617710229744e-09
2.942567522978833949e-09
2.942567522978833949e-09
2.942567522978833949e-09
2.771737728224366037e-09
2.771737950268970962e-09
2.771737728224366037e-09
1.411379124682810016e-09
1.411379235705112478e-09
1.411379124682810016e-09
1.742658461978408013e-08
1.742658639614091953e-08
1.742658461978408013e-08
1.232411062090932319e-08
1.232411062090932319e-08
1.232411062090932319e-08
7.238552868216174829e-09
7.238555088662224080e-09
7.238552868216174829e-09
6.966869747770942922e-09
6.966870635949362622e-09
6.966869747770942922e-09
6.811324837485699391e-09
6.811324837485699391e-09
6.811324837485699391e-09
6.530387341996402029e-09
6.530387341996402029e-09
6.530387341996402029e-09
5.806068070768333200e-09
5.806068070768333200e-09
5.806068070768333200e-09
5.197071661910968032e-09
5.197071661910968032e-09
5.197071661910968032e-09
4.587588087190397346e-09
4.587588531279607196e-09
4.587588087190397346e-09
4.321505375770584578e-09
4.321505375770584578e-09
4.321505375770584578e-09
4.291403676859317784e-09
4.291404120948527634e-09
4.291403676859317784e-09
3.665039605138531442e-09
3.665039605138531442e-09
3.665039605138531442e-09
1.379907521581458241e-09
1.379907521581458241e-09
1.379907521581458241e-09
1.423703821501476341e-09
1.423703821501476341e-09
1.423703821501476341e-09
9.513561494145506003e-09
9.513562382323925704e-09
9.513561494145506003e-09
9.501265552103177470e-09
9.501266440281597170e-09
9.501265552103177470e-09
9.365122899396283174e-09
9.365122899396283174e-09
9.365122899396283174e-09
8.743933577193274687e-09
8.743934465371694387e-09
8.743933577193274687e-09
8.562540898537918110e-09
8.562540898537918110e-09
8.562540898537918110e-09
8.559666753171768505e-09
8.559666753171768505e-09
8.559666753171768505e-09
8.288268737999260338e-09
8.288268737999260338e-09
8.288268737999260338e-09
8.186058053638589627e-09
8.186058053638589627e-09
8.186058053638589627e-09
7.877305030490333593e-09
7.877305030490333593e-09
7.877305030490333593e-09
6.977193045543117478e-09
6.977193045543117478e-09
6.977193045543117478e-09
3.821098104594966571e-09
3.821098104594966571e-09
3.821098104594966571e-09
3.587066421673057448e-09
3.587066421673057448e-09
3.587066421673057448e-09
5.869405406144778681e-09
5.869405406144778681e-09
5.869405406144778681e-09
5.373694822452534936e-09
5.373694822452534936e-09
5.373694822452534936e-09
8.502271775512326712e-09
8.502271775512326712e-09
8.502271775512326712e-09
8.514875027287871490e-09
8.514875027287871490e-09
8.514875027287871490e-09
8.604889245589220081e-09
8.604889245589220081e-09
8.604889245589220081e-09
8.973422005453812744e-09
8.973422005453812744e-09
8.973422005453812744e-09
9.147155033417675440e-09
9.147155033417675440e-09
9.147155033417675440e-09
9.192153704873362585e-09
9.192153704873362585e-09
9.192153704873362585e-09
9.540757517356723838e-09
9.540757517356723838e-09
9.540757517356723838e-09
9.680331203298919718e-09
9.680331203298919718e-09
9.680331203298919718e-09
9.957878077671011852e-09
9.957878077671011852e-09
9.957878077671011852e-09
1.076628386442735064e-08
1.076628386442735064e-08
1.076628386442735064e-08
1.333118060387050718e-08
1.333118060387050718e-08
1.333118060387050718e-08
1.134949823011766057e-08
1.134949823011766057e-08
1.134949823011766057e-08
9.877890505549657973e-09
9.877890505549657973e-09
9.877890505549657973e-09
8.363238102049308509e-09
8.363238102049308509e-09
8.363238102049308509e-09
2.223224981889870833e-08
2.223224981889870833e-08
2.223224981889870833e-08
2.222942185881038313e-08
2.222942185881038313e-08
2.222942185881038313e-08
2.223141315482735081e-08
2.223141315482735081e-08
2.223141315482735081e-08
2.225254114307517739e-08
2.225254114307517739e-08
2.225254114307517739e-08
2.225324635674041929e-08
2.225324635674041929e-08
2.225324635674041929e-08
2.225199935423916031e-08
2.225199935423916031e-08
2.225199935423916031e-08
2.224930994998430833e-08
2.224930994998430833e-08
2.224930994998430833e-08
2.227264594978350942e-08
2.227264594978350942e-08
2.227264594978350942e-08
2.234599350003918516e-08
2.234599350003918516e-08
2.234599350003918516e-08
2.245927710475825734e-08
2.245927710475825734e-08
2.245927710475825734e-08
2.307008273305655166e-08
2.307008273305655166e-08
2.307008273305655166e-08
2.591865033707563271e-08
2.591865033707563271e-08
2.591865033707563271e-08
2.764809714506100136e-08
2.764809714506100136e-08
2.764809714506100136e-08
3.102408996369376837e-08
3.102408996369376837e-08
3.102408996369376837e-08
0.000000000000000000e+00
-1.081199691409240327e-12
-1.814592746895993258e-12
-3.846267748741638570e-11
-8.019442054862935265e-11
-1.058012098070770790e-11
-2.275568795895299701e-11
-1.396582988144601245e-10
-1.962373666342109857e-11
-2.780499571905514777e-12
-2.110973722213582704e-11
-1.702216978483050980e-10
-2.534784326879702121e-10
-5.889306819994999387e-10
-1.732903043283329225e-09
0.000000000000000000e+00
-1.473383481193080158e-12
-9.835038339289781106e-11
-2.019532041597216221e-10
-2.134259574626540257e-10
-1.169378205378990287e-10
-9.831457176145974586e-11
-6.941035940455364539e-11
-6.136479518970006097e-11
-6.695679427570766507e-11
-2.330299841979410758e-10
-4.616334814411260368e-10
-3.549407157077411057e-10
-4.176877455019933905e-10
-9.816054635791715555e-10
0.000000000000000000e+00
-5.336616565321250505e-11
-7.114349109826889617e-10
-9.348294360833619976e-10
-3.720759533809570030e-10
-2.286952571761702302e-10
-1.659842541190670318e-10
-9.798385713910562345e-11
-1.363754525973703835e-10
-2.366518092600244927e-10
-2.988850833496314863e-10
-3.605006015927614271e-10
-3.647198376643956408e-10
-3.808054149789796838e-10
-5.326473151434640840e-10
0.000000000000000000e+00
-1.675599770045721471e-09
-1.376546654441312967e-09
-9.866399919289392528e-10
-5.182751450227840451e-10
-2.644975904964042002e-10
-2.438927948489322262e-10
-1.507097641129107046e-10
-1.668847005031892650e-10
-2.832230838745175561e-10
-3.879671583995047968e-10
-2.070676408116867151e-10
-2.202367871406707422e-10
-3.395967396180310516e-10
-4.253151442146219097e-10
-1.094015900093836535e-07
-3.148269911434908863e-08
-7.193637685531939496e-09
-1.846221397983072166e-09
-6.271724806161671495e-10
-4.389711649732674914e-10
-2.432618273484621341e-10
-2.268464305288375726e-10
-3.170286810849631820e-10
-1.979292008069677422e-10
-7.795673134802783011e-11
-2.786842978608206067e-10
-3.007245563679816769e-10
-1.966288104560121042e-10
-3.095551870391233251e-10
-8.454093602949797059e-08
-5.110474887715099612e-08
-1.178069553020577587e-08
-2.497816398161489815e-09
-6.703071986358111189e-10
-4.133829389907361929e-10
-2.495267048541194299e-10
-3.576436646834935118e-10
-2.748443694855495778e-10
-2.167745288828015759e-10
-1.331716681374217615e-10
-1.211487576924241694e-10
-2.945800825493449793e-10
-3.062280151677754247e-10
-1.771303936859425221e-10
-8.454044575501029612e-08
-5.107274247961868241e-08
-1.179572173271026259e-08
-2.518261599249171923e-09
-6.999698598519898951e-10
-7.005394042636226004e-10
-3.795635195036339837e-10
-1.402612748169218548e-10
-1.336070420965285166e-10
-2.495544049185838276e-10
-2.809277532822562762e-10
-1.190016557517381557e-10
-1.143391561986284444e-10
-2.675470678337177333e-10
-1.264552212942859910e-10
-8.531674922096499358e-08
-5.030451788456957729e-08
-1.184748743554564498e-08
-2.584887859313766967e-09
-7.355918096862978928e-10
-8.666452555594617024e-10
-6.043456290960591559e-10
-2.814878052870284364e-10
-9.061262157272764739e-11
-7.090255466080108704e-11
-1.267326660281398176e-10
-1.207193789376503901e-10
-7.388743089586924384e-11
-4.370354772520457232e-11
-7.103829330334932024e-11
-9.781206955494781141e-08
-3.791451064216744271e-08
-1.176179864614823600e-08
-2.648258501380951202e-09
-1.565558238603159680e-09
-1.284791939504259517e-09
-1.456667286792168170e-10
-1.244207948475350989e-11
-3.747430837863774400e-11
-1.613704656011627492e-11
-7.505526582185506612e-12
-8.150155897390654047e-12
1.925056251558809883e-12
4.541502243715633824e-11
2.810308062650701544e-11
-1.171542365341338154e-07
-2.721092684510040272e-08
-5.607319941702826327e-09
-2.244253227701165088e-09
-1.242818403746070999e-09
-6.866399809846157609e-11
-6.248676576170453245e-11
-8.894365799427816910e-11
-1.680183769892096279e-12
7.614476757455967970e-12
1.308532882743351777e-11
9.925624211426509191e-11
8.421577324391193997e-11
4.906648004565639098e-11
2.891057948595232574e-10
0.000000000000000000e+00
-5.104999534211174250e-09
-5.129695779260146082e-09
-5.032100847124354459e-10
-1.625004714123079452e-10
-2.400598886342919513e-10
-6.498034887947312654e-10
-5.482974629877901407e-10
-5.673415071072440696e-10
-2.445061930700376251e-10
-1.049291036003818789e-11
6.489282201871393596e-12
2.550453459537749268e-10
1.409425132159469740e-09
1.700484975053484504e-09
0.000000000000000000e+00
-2.521412766076647216e-12
-4.413779064460499058e-11
-2.315266450780839591e-10
-6.955718119538989441e-12
4.087788788020851882e-11
7.451587263895831370e-11
6.069903607519577804e-11
4.214204679664490527e-11
2.157680457914867844e-11
1.960855089411239760e-11
6.328536583666277693e-10
2.540177623799877438e-09
1.365628943261754102e-09
3.124188685532658383e-09
0.000000000000000000e+00
9.774379222671214507e-12
9.200561146283092739e-11
3.896624134469561795e-10
1.744376171286532440e-10
4.375194304073737328e-11
3.459139086281481923e-10
1.629089918520065794e-10
3.508953128061875759e-10
9.216887808527474135e-10
3.175703255919870571e-09
8.668852857773856613e-10
2.578383617724000487e-10
1.861339304909392922e-09
8.497883285940588394e-09
0.000000000000000000e+00
-2.828969480547782744e-12
1.991310111595923082e-12
2.112914877783200751e-11
7.049652203140743811e-13
-1.247189851394381321e-12
-2.689476462716666738e-12
2.333523999031861251e-11
7.334865353980646319e-11
1.132826957239707610e-10
6.108061834098066356e-10
2.848568492197500746e-09
1.729445697762344025e-09
3.375991486365137462e-09
1.686112227616831660e-08
