2.064599644949259118e-11
2.064602970976144860e-11
2.064599644952798870e-11
1.276481124030169983e-11
1.276481257833341012e-11
1.276481124034512035e-11
8.360700090614604566e-12
8.360700123729441067e-12
8.360700090423945897e-12
6.538653999201042987e-12
6.538655882770326638e-12
6.538653999269655357e-12
7.429971987144788159e-12
7.429972444559469024e-12
7.429971987039450262e-12
5.436818538798741633e-12
5.436818538833618121e-12
5.436818538730469345e-12
3.139497730282452941e-12
3.139500122637592944e-12
3.139497730191293033e-12
2.261240695391024111e-12
2.261241391393811934e-12
2.261240695341720835e-12
2.255309546668108165e-12
2.255310939309261039e-12
2.255309546488155992e-12
1.867678991169967931e-12
1.867680115537824878e-12
1.867678991048088038e-12
9.293716851506168975e-13
9.293717894826181668e-13
9.293716850785037522e-13
2.413572331060551221e-13
2.413572652460087849e-13
2.413572332482687951e-13
1.937766661213153115e-13
1.937766889846090005e-13
1.937766659689101110e-13
1.305586994435076118e-13
1.305586983965194024e-13
1.305586995138899080e-13
5.857394116088907160e-12
5.857394170890812621e-12
5.857394115931407609e-12
8.531217471516073011e-12
8.531220488875180449e-12
8.531217471381596385e-12
8.197612855358811922e-12
8.197612874259205526e-12
8.197612855294681191e-12
6.037292140943011303e-12
6.037293705938976793e-12
6.037292140830607636e-12
3.599973726318971179e-12
3.599973957345932037e-12
3.599973726048794927e-12
2.881751840495764002e-12
2.881817572731315954e-12
2.881751840371308862e-12
3.463897330329321005e-12
3.463898325267271886e-12
3.463897330427667044e-12
2.459875596982282052e-12
2.459875796710203966e-12
2.459875596984801964e-12
2.931800310305967914e-13
2.931802856653826022e-13
2.931800311067632934e-13
2.579012189641313207e-13
2.579014688255316079e-13
2.579012188845128138e-13
9.692640903045516144e-13
9.692641865966281425e-13
9.692640902712739526e-13
8.895100212128518412e-13
8.895100909826100759e-13
8.895100211874966148e-13
5.060950520722018427e-13
5.060950945835327270e-13
5.060950520899464420e-13
2.210673628718390952e-13
2.210673631292962083e-13
2.210673628536044933e-13
7.310030861576002497e-13
7.310036472463423999e-13
7.310030861204899104e-13
6.268647674947514444e-13
6.268648708076209625e-13
6.268647674420898671e-13
9.051478278695922275e-13
9.051479363786889828e-13
9.051478277321208076e-13
2.967956452154894937e-12
2.967956792496401899e-12
2.967956452156094914e-12
7.649907795894926790e-13
7.649908207195485655e-13
7.649907796353363776e-13
3.571882959906099748e-13
3.571884825744451021e-13
3.571882959285981871e-13
7.982427382434428174e-13
7.982429479245698410e-13
7.982427383002051587e-13
1.124568379198300061e-12
1.124568492347855012e-12
1.124568379230013027e-12
1.439517803166282041e-12
1.439518125466802937e-12
1.439517803111625921e-12
2.387987780245630916e-13
2.387989923223008808e-13
2.387987779913101180e-13
1.306757367790905055e-13
1.306757811578918108e-13
1.306757368568473007e-13
1.034888380012751991e-12
1.034888379968911014e-12
1.034888380067865928e-12
7.344388685527217678e-13
7.344389405890139508e-13
7.344388685168467467e-13
3.413484050875641993e-13
3.413484019899786917e-13
3.413484050332766851e-13
1.968440578133640838e-12
1.968441775150472813e-12
1.968440578098061975e-12
2.879065313745000011e-12
2.879066493970567190e-12
2.879065313812472988e-12
2.999230424402184068e-12
2.999231130907861035e-12
2.999230424412771011e-12
6.524648919268861816e-13
6.524651901711319919e-13
6.524648919112178137e-13
1.912589213997715090e-12
1.912589228803477016e-12
1.912589213872148023e-12
3.665034261768063320e-12
3.665035558480483193e-12
3.665034261742931246e-12
2.774315475284471017e-12
2.774316767794655859e-12
2.774315475176706105e-12
2.731479858199262935e-12
2.731480515515092197e-12
2.731479858263909846e-12
3.123390947461527119e-12
3.123391256992738115e-12
3.123390947418239077e-12
3.518499078033187976e-12
3.518500028601182916e-12
3.518499078013157926e-12
2.600601820348293168e-12
2.600602087135929094e-12
2.600601820272823842e-12
8.431248489229669377e-13
8.431251154883869321e-13
8.431248487139681237e-13
4.467246036982476962e-13
4.467246375042072818e-13
4.467246036848548828e-13
3.145414031506894943e-13
3.145414067864909929e-13
3.145414031719518831e-13
7.352980895627521819e-13
7.352984158901216870e-13
7.352980895520774929e-13
1.097059668977829071e-12
1.097085487245561933e-12
1.097059668834815076e-12
2.500816987604756809e-12
2.500817814919732089e-12
2.500816987566448007e-12
3.362002798225355095e-12
3.362003349015999118e-12
3.362002798129600861e-12
6.808881240102423167e-13
6.808881784312504933e-13
6.808881240033894000e-13
3.528811168888263011e-13
3.528812889183743238e-13
3.528811169737829098e-13
1.156533708930632901e-12
1.156534006265432907e-12
1.156533708873024093e-12
1.025399946939578978e-12
1.025400069962125036e-12
1.025399947006672091e-12
8.379507801290135838e-13
8.379508561654944617e-13
8.379507798438323644e-13
4.239733455301267787e-13
4.239734832008498885e-13
4.239733454502507877e-13
2.990979223186646827e-13
2.990979527480155031e-13
2.990979222764456043e-13
6.460837041198762616e-13
6.460837630853215243e-13
6.460837040183592284e-13
5.736457145982087855e-13
5.736457707647030570e-13
5.736457145726007197e-13
3.365609721803541849e-13
3.365610001838459938e-13
3.365609722169013912e-13
7.653487234826876546e-13
7.653487796685551382e-13
7.653487235164222246e-13
1.369622318914147995e-12
1.369622588708941079e-12
1.369622318768673057e-12
9.345383868050055680e-13
9.345385836282490352e-13
9.345383867807606538e-13
1.783827800045551909e-12
1.783828187980088930e-12
1.783827799948751986e-12
4.464157126413569060e-12
4.464158476021667982e-12
4.464157126264935851e-12
2.855300697260064146e-12
2.855301741796815091e-12
2.855300697301333915e-12
2.241723884339968199e-12
2.241724507433234045e-12
2.241723884156315928e-12
2.677684037137302167e-12
2.677684357460136001e-12
2.677684037043480984e-12
2.961326025510876916e-12
2.961326369421599964e-12
2.961326025484655129e-12
2.764273782181328888e-12
2.764274320306844146e-12
2.764273782277775804e-12
2.215629963956236019e-12
2.215630296537178096e-12
2.215629963810566201e-12
1.558172402183746907e-12
1.558172602538219967e-12
1.558172402228630947e-12
9.193861066893952286e-13
9.193861030230645857e-13
9.193861065289520781e-13
1.403489241061117070e-13
1.403489476947153890e-13
1.403489241342774997e-13
6.277494160326357488e-13
6.277495142786633352e-13
6.277494159717336674e-13
1.404743347068194074e-12
1.404743694307033079e-12
1.404743346981526912e-12
1.967884406718974058e-12
1.967884956946117848e-12
1.967884406717536993e-12
1.016037989592876032e-12
1.016038470964917964e-12
1.016037989536313923e-12
1.128274835075560043e-12
1.128275138961711077e-12
1.128274835100706051e-12
2.842947010348067836e-12
2.842947630544837175e-12
2.842947010260677901e-12
2.761197447757998167e-12
2.761197781886852048e-12
2.761197447631683083e-12
1.913115903739659201e-12
1.913116378713472020e-12
1.913115903634341096e-12
1.246533008329615929e-12
1.246533383685685087e-12
1.246533008312062978e-12
1.196187671047272051e-12
1.196188196551828900e-12
1.196187671027476060e-12
1.482544752438376962e-12
1.482545178309721913e-12
1.482544752450128944e-12
1.525803390989730973e-12
1.525803604897906931e-12
1.525803391011788988e-12
1.198288793973997972e-12
1.198288773405698061e-12
1.198288793914028993e-12
8.750932657835387036e-13
8.750932588205248649e-13
8.750932658562193239e-13
3.134539502725215801e-13
3.134539881263448776e-13
3.134539502985563124e-13
5.424854357651672233e-13
5.424854741216801545e-13
5.424854356767919817e-13
9.921612925205414473e-13
9.921615861191584771e-13
9.921612925044219267e-13
2.376361475146363134e-12
2.376362034469497960e-12
2.376361475122544937e-12
2.322557993886670194e-12
2.322558887112074017e-12
2.322557993901807034e-12
1.908660368675857958e-12
1.908660906576199953e-12
1.908660368468448074e-12
2.248051100132050951e-12
2.248051663938106859e-12
2.248051100152018800e-12
2.608416617665107969e-12
2.608417165986052005e-12
2.608416617640341019e-12
2.734017767428739138e-12
2.734018429201751967e-12
2.734017767347727944e-12
2.792477401110735083e-12
2.792478157250765128e-12
2.792477401133547981e-12
2.617572403771205972e-12
2.617574590430397125e-12
2.617572403791797034e-12
1.916407778217366085e-12
1.916408545445089043e-12
1.916407778175633046e-12
1.158506693830375044e-12
1.158506808235436077e-12
1.158506693754668025e-12
4.644460338689624031e-13
4.644460771878596624e-13
4.644460338446270160e-13
8.270197369166301601e-13
8.270197450894598642e-13
8.270197369620015014e-13
1.425189825640740049e-12
1.425190067119093009e-12
1.425189825696461043e-12
1.758072315785126923e-12
1.758072805476931060e-12
1.758072315721525903e-12
1.881068295891349882e-12
1.881069140611172179e-12
1.881068295850442004e-12
2.428786938761645963e-12
2.428787389349024026e-12
2.428786938599424859e-12
2.502195397797681855e-12
2.502196532734822115e-12
2.502195397782881057e-12
2.249262311062974193e-12
2.249262901596532201e-12
2.249262311017976860e-12
1.821443611565510906e-12
1.821444197191193890e-12
1.821443611544631057e-12
1.577259982333833063e-12
1.577260318650006938e-12
1.577259982262340909e-12
1.264664588369311902e-12
1.264664979511268001e-12
1.264664588199351933e-12
2.466296812350529897e-13
2.466298605512317973e-13
2.466296811746712789e-13
1.210946430661743939e-13
1.210947399441509924e-13
1.210946430863432069e-13
3.415053033308547205e-13
3.415054947975871879e-13
3.415053033422019987e-13
2.560857730157655755e-13
2.560857758234239755e-13
2.560857730629676800e-13
8.567254746973975145e-14
8.567254752173780201e-14
8.567254737793088236e-14
2.962887318098394811e-13
2.962887921826505145e-13
2.962887317509260865e-13
6.432105926385204625e-13
6.432107461707892667e-13
6.432105926236429245e-13
1.001019030024308927e-12
1.001019489863012083e-12
1.001019029963518018e-12
9.712140500954009998e-13
9.712141544395625915e-13
9.712140500755617917e-13
1.174631405823577911e-12
1.174631527602461957e-12
1.174631405757350956e-12
1.527010090073683036e-12
1.527010543180628001e-12
1.527010090042127994e-12
2.070213408130133134e-12
2.070213779079063152e-12
2.070213408172925998e-12
2.204797209961058838e-12
2.204797464170579908e-12
2.204797209888798876e-12
2.271972150177713868e-12
2.271972975208776835e-12
2.271972150209404014e-12
2.434136920026258103e-12
2.434138742935396984e-12
2.434136920017073894e-12
2.089442943913792983e-12
2.089443866985059956e-12
2.089442943892186929e-12
1.600813710551545012e-12
1.600814045419542931e-12
1.600813710488860029e-12
1.328009020698687023e-12
1.328009360777568988e-12
1.328009020696256978e-12
6.358561079639628625e-14
6.358561227145707640e-14
6.358561075774837492e-14
1.838319631010605959e-13
1.838319837675542017e-13
1.838319629486721066e-13
4.241249882868911163e-13
4.241250626022598079e-13
4.241249882498060205e-13
8.082477634878183757e-13
8.082479723681517675e-13
8.082477634727230364e-13
2.808776279015036893e-12
2.808776404433539868e-12
2.808776278981591816e-12
3.738959689318907841e-12
3.738959903077609072e-12
3.738959689322836141e-12
3.611103937501576896e-12
3.611104775164510958e-12
3.611103937466004091e-12
4.614378859174008260e-12
4.614379249385686265e-12
4.614378859132058732e-12
5.473599751419968894e-12
5.473599939759249151e-12
5.473599751264423396e-12
2.710526314529936821e-12
2.710526533964116086e-12
2.710526314561296983e-12
1.776479331246690002e-12
1.776479608274247975e-12
1.776479331235399068e-12
2.275657569446770044e-13
2.275657935997815006e-13
2.275657569413801970e-13
9.817618606088495033e-14
9.817620449826607395e-14
9.817618600637833471e-14
2.521979388054733121e-13
2.521979430842726840e-13
2.521979387901305860e-13
9.754221456953988705e-13
9.754221715561988560e-13
9.754221456888270660e-13
1.361353708514137093e-12
1.361353896357971099e-12
1.361353708512193945e-12
9.517421191811666352e-13
9.517421725143834347e-13
9.517421191315065159e-13
1.303525421258824037e-12
1.303525609157801062e-12
1.303525421238864063e-12
1.082265064420040055e-12
1.082265131518591975e-12
1.082265064361632945e-12
1.448556227873607960e-12
1.448556405400898076e-12
1.448556227842557991e-12
2.603948705211325993e-12
2.603949142071905130e-12
2.603948705148017191e-12
2.684786699020938068e-12
2.684786973952581120e-12
2.684786699008315890e-12
2.975972220400319995e-12
2.975972879731815946e-12
2.975972220368725976e-12
4.203121581922508613e-12
4.203121969135013895e-12
4.203121581886518179e-12
2.620919050735121187e-12
2.620919895375845954e-12
2.620919050734457988e-12
4.913955423562531731e-12
4.913956410002816598e-12
4.913955423510664922e-12
4.309231592010255921e-12
4.309232108701707608e-12
4.309231592049009818e-12
1.881326966098580881e-12
1.881327254674362149e-12
1.881326966081597829e-12
2.013997191870345903e-13
2.013997281486963968e-13
2.013997192156423975e-13
5.266906627247118419e-13
5.266907293241565918e-13
5.266906627204873845e-13
2.527751604887287115e-13
2.527751759317960903e-13
2.527751604899480759e-13
1.686652114908755089e-12
1.686652265923657925e-12
1.686652114918321990e-12
1.679984574104217006e-12
1.679984681132000901e-12
1.679984574115733921e-12
2.045098378125035152e-12
2.045098678307979969e-12
2.045098378175248004e-12
2.265127651431385885e-12
2.265127993998497814e-12
2.265127651430023137e-12
1.422935905115355034e-12
1.422936186964913920e-12
1.422935905170870041e-12
1.921931939605126169e-12
1.921932608004154185e-12
1.921931939639578969e-12
3.803369510579083357e-12
3.803370094167205619e-12
3.803369510527604289e-12
2.475390374016423920e-12
2.475390803438435997e-12
2.475390373980042918e-12
8.839761469918214223e-13
8.839764116267625169e-13
8.839761469148011329e-13
8.144912002691081287e-13
8.144913790688681945e-13
8.144912002536110130e-13
2.551979678935644182e-12
2.551981496572980074e-12
2.551979678934676042e-12
1.044730846360285038e-13
1.044730910725284025e-13
1.044730846342297999e-13
3.002331943287329977e-13
3.002332545842924920e-13
3.002331943215275800e-13
2.021293541338787083e-12
2.021293542629765199e-12
2.021293541267759006e-12
1.067843092904734899e-12
1.067843218868818014e-12
1.067843092904918067e-12
8.743765822729233339e-13
8.743766366438948584e-13
8.743765822161047500e-13
6.373325983687649535e-13
6.373326921238206846e-13
6.373325983936965931e-13
7.304319273354541373e-13
7.304320581842425354e-13
7.304319272169996925e-13
1.422748670753288070e-12
1.422748934413883004e-12
1.422748670727345982e-12
2.842191160690422244e-13
2.842192382219347929e-13
2.842191160787920909e-13
4.438692953429034849e-13
4.438694396082007893e-13
4.438692953185167020e-13
5.060964308076611629e-12
5.060964951826477301e-12
5.060964308077247362e-12
5.586585094107763009e-12
5.586587159528875389e-12
5.586585094084563986e-12
4.593553819230661743e-12
4.593554798273388804e-12
4.593553819245635812e-12
8.167048083160706763e-13
8.167062651827012411e-13
8.167048083201508416e-13
3.192576486491755898e-13
3.192577036785311831e-13
3.192576486610385937e-13
9.120572517502532696e-13
9.120572731937367240e-13
9.120572517424227207e-13
1.312203911233608938e-12
1.312203974406116910e-12
1.312203911229559065e-12
1.738561633970918080e-12
1.738561688935853045e-12
1.738561634017914904e-12
2.072707624031078882e-12
2.072707690576952984e-12
2.072707623999204963e-12
2.374159070370785811e-12
2.374159301092435840e-12
2.374159070354572183e-12
2.651170859528095958e-12
2.651170957388952021e-12
2.651170859499597001e-12
3.383226707760119012e-12
3.383226724053661801e-12
3.383226707797010944e-12
4.892508766726176229e-12
4.892509186697652634e-12
4.892508766724529946e-12
6.464201188020219199e-12
6.464201238320601305e-12
6.464201188026171022e-12
8.362236854355026276e-12
8.362237248904654287e-12
8.362236854358385081e-12
1.174354712671796965e-11
1.174354719672284973e-11
1.174354712671267053e-11
1.673288058235881160e-11
1.673288074569132011e-11
1.673288058234533114e-11
2.431124564016982897e-11
2.431124842281030159e-11
2.431124564016484973e-11
1.357557270772812069e-11
7.881187648222943133e-12
4.404111753529451338e-12
1.822046419730135162e-12
-8.913182537905575625e-13
1.993153449571851049e-12
2.297321636855023169e-12
8.782570932292848307e-13
5.931148620295277342e-15
3.876305514432945097e-13
9.383073756279401132e-13
6.880144929042100276e-13
4.758056696042610139e-14
6.321796636112417205e-14
1.305586990005128119e-13
7.718125308003118298e-12
5.207363274046771693e-12
4.737716119053385163e-12
3.982368132863151288e-12
1.546000657443379943e-12
2.711375856804525985e-12
1.715175864431179966e-12
1.882279635483208182e-12
2.172627957030993030e-12
4.229093912199685014e-13
2.269444352145479073e-13
7.677686103570340073e-13
4.309955645850425190e-13
3.482456572871873228e-13
3.516260641856993101e-13
6.987121256123843180e-12
5.311500239072889056e-12
4.459432798894699812e-12
1.919558284157608888e-12
3.748967164652338804e-12
3.119179117902858949e-12
1.274121190479169035e-12
1.555953567778734955e-12
1.857678111005303957e-12
1.623628876500635056e-12
3.350674762351345003e-13
-1.364441221403806125e-13
7.314451295941581851e-13
7.413362009782703992e-13
6.929745428650352099e-13
5.018682784123419832e-12
4.400876187427819146e-12
4.339267942061346092e-12
4.266324228154901143e-12
2.488841931581280008e-12
1.366733238802514039e-12
2.164840779619491040e-12
1.598789181177154012e-12
1.465766631536034045e-12
1.228520552305735074e-12
1.252965042112763017e-12
1.621033468893955067e-12
1.127845585159839973e-12
8.735194181907984061e-13
1.007516028115259990e-12
4.283385103922872941e-12
4.039114879993946367e-12
2.935510927179000133e-12
3.405138539745635150e-12
5.169956975159828607e-12
1.694740361020099076e-12
1.361187355905415931e-12
1.729923071437049083e-12
1.653215948410493069e-12
1.642498334206014904e-12
1.377840561115855048e-12
1.274047486313252065e-12
1.200283693665793097e-12
1.110604416056671915e-12
1.344077485586856075e-12
3.518034214208033164e-12
3.434840832970092002e-12
3.370594843264752193e-12
2.555849103958727019e-12
2.489628150147032876e-12
3.303597808467959933e-12
1.974764465073356977e-12
1.293962493022616928e-12
1.369573784664047979e-12
1.839550776815506969e-12
1.926484983619445066e-12
1.931507237550460983e-12
1.839070925834266868e-12
1.889642866792472086e-12
1.484426597431379049e-12
2.890285015811496156e-12
2.657846558249427070e-12
2.807453194464798901e-12
3.507695030838147103e-12
2.377390287614121031e-12
1.588924113757248100e-12
2.056513644428580899e-12
2.142044304267355802e-12
2.036156541598121043e-12
1.889895754650891884e-12
1.640127150562400998e-12
1.888246978715667066e-12
2.166586392570285046e-12
2.212839230374347180e-12
2.359522327998993148e-12
2.576830754034130025e-12
2.428815018675535061e-12
2.357777672772934893e-12
2.123494923730198079e-12
2.431194307531262910e-12
2.002821791887762963e-12
1.717122863374614952e-12
1.781678634126729955e-12
1.910555673224869817e-12
1.831435989507389052e-12
1.815032370390412999e-12
2.589411112377659872e-12
2.924487135750011925e-12
2.906900626103442802e-12
2.824044829098238990e-12
1.749814985792512054e-12
1.830650767391384035e-12
2.024901576189434916e-12
2.000505820604348834e-12
1.883482470510495989e-12
1.929421274208655938e-12
1.970067011099667029e-12
2.209510373822662846e-12
2.154753378795579847e-12
2.144048779178483111e-12
2.833090321173009903e-12
2.714967778003195960e-12
2.704101942640787018e-12
2.992347804474260131e-12
3.079954379070757863e-12
1.664139174942400021e-12
1.620029208528758047e-12
1.677973799678304028e-12
1.642691386417081975e-12
1.913281789758623856e-12
1.725998353019051083e-12
1.617679548091383904e-12
1.666297025698635996e-12
2.020160180687577011e-12
2.076862668694245910e-12
2.670915554637710029e-12
3.059664023145348189e-12
3.192734248193254070e-12
3.265156125397349998e-12
4.408134565535147333e-12
1.600552638594845019e-12
1.499782252136316902e-12
1.437679950246917008e-12
1.258567546321550997e-12
-8.724841828888834961e-14
7.958124267490923936e-13
1.745532890502335020e-12
6.630188350434386448e-13
1.160934089774370978e-12
4.839930062073702286e-12
3.604949578071742939e-12
4.608554257391889333e-12
3.322093761526104068e-12
3.111100255908478903e-12
4.660261644079572622e-12
6.251304539095172397e-13
1.113850698032030032e-12
1.847291586208014166e-12
9.067842317684928209e-13
1.340119385668611015e-13
4.295212666825186012e-13
5.901403919877229795e-13
5.821808466855503289e-13
8.697485497869728970e-13
3.612780669775922127e-12
5.187152356724582066e-12
2.315517071518142085e-12
3.926818504184187273e-12
5.539007304624702080e-12
6.541593415077877833e-12
4.237307331279806189e-13
7.885597115195660642e-13
2.121207002006532049e-12
-5.270927260306803583e-13
1.406794793012995905e-13
6.440746250059886485e-14
3.701111180090148130e-13
1.424372589404482990e-12
3.707525035143864800e-13
1.731342596900100929e-12
6.515130992446838636e-12
3.906931194083988184e-12
3.996302447543111665e-12
3.801516282001908203e-12
9.093568972675022095e-12
3.192577032259844767e-13
5.927998778411418341e-13
4.001466982498969910e-13
4.263577910859317043e-13
3.341460057033961954e-13
3.014514501144526070e-13
2.770117893079104835e-13
7.320559077455276764e-13
1.509282410664252956e-12
1.571694465581207081e-12
1.898042963264621799e-12
3.381334387169400184e-12
4.989402145827179311e-12
7.578517041338995518e-12
9.910677248436162910e-12
