-2.931599624514391600e-12
-2.931858531993181138e-12
-2.931599624514391600e-12
-3.447585966709354466e-12
-3.447770497919111499e-12
-3.447585966709354466e-12
-3.705251383490093531e-12
-3.705271332810067264e-12
-3.705251383490093531e-12
-2.870187811379598664e-12
-2.870217518519124766e-12
-2.870187811379598664e-12
-1.300630068055974586e-12
-1.300638850093571719e-12
-1.300630068055974586e-12
-8.123779969039512938e-13
-8.123788642656892822e-13
-8.123779969039512938e-13
-7.452421926096297611e-13
-7.452432226016936223e-13
-7.452421926096297611e-13
-3.404159007631968326e-13
-3.404162260238485782e-13
-3.404159007631968326e-13
-8.676277740964771779e-14
-8.676325852436175823e-14
-8.676277740964771779e-14
5.375120650224357588e-14
5.375120650224357588e-14
5.375120650224357588e-14
8.332747604986381895e-14
8.332759124634464554e-14
8.332747604986381895e-14
9.867157275706556208e-14
9.867159986211987421e-14
9.867157275706556208e-14
1.151232158647791382e-13
1.151232158647791382e-13
1.151232158647791382e-13
7.337123394740227567e-14
7.337123394740227567e-14
7.337123394740227567e-14
-3.486961067111771229e-11
-3.486982924627568536e-11
-3.486961067111771229e-11
-3.102869350346537658e-11
-3.102995985160283965e-11
-3.102869350346537658e-11
-2.053789777134440442e-11
-2.053811287705542554e-11
-2.053789777134440442e-11
-1.213470816885386938e-11
-1.213473592442948501e-11
-1.213470816885386938e-11
-7.226853230429819419e-12
-7.226864072451544274e-12
-7.226853230429819419e-12
-5.749519350201071077e-12
-5.749519783881940072e-12
-5.749519350201071077e-12
-1.200401757162072869e-12
-1.200402949784462603e-12
-1.200401757162072869e-12
-3.775156185922834418e-13
-3.775159438529351874e-13
-3.775156185922834418e-13
1.545650272268689340e-13
1.545650407793960901e-13
1.545650272268689340e-13
5.510110054861294682e-13
5.510112223265639653e-13
5.510110054861294682e-13
1.289107275787015894e-12
1.289107492627450391e-12
1.289107275787015894e-12
1.106767238620576244e-12
1.106767347040793492e-12
1.106767238620576244e-12
1.389057868294435449e-13
1.389058003819707010e-13
1.389057868294435449e-13
9.848313841948758141e-14
9.848314519575115944e-14
9.848313841948758141e-14
-7.181693434388236597e-11
-7.181708699954825192e-11
-7.181693434388236597e-11
-5.915089945629503632e-11
-5.915227335728800995e-11
-5.915089945629503632e-11
-3.203048243305417486e-11
-3.203118673078542145e-11
-3.203048243305417486e-11
-2.227611324567835283e-11
-2.227612712346616064e-11
-2.227611324567835283e-11
-1.174317587615547609e-11
-1.174318454977285597e-11
-1.174317587615547609e-11
-1.929442716708251737e-12
-1.929445318793465702e-12
-1.929442716708251737e-12
-1.079112276966553985e-12
-1.079113686429378216e-12
-1.079112276966553985e-12
-8.178494773775080162e-14
-8.178501550038658197e-14
-8.178494773775080162e-14
4.065579592275360421e-14
4.065580947528076028e-14
4.065579592275360421e-14
1.815714055887832079e-13
1.815714462463646761e-13
1.815714055887832079e-13
4.040013495184430203e-13
4.040014308336059567e-13
4.040013495184430203e-13
4.966312734319688893e-13
4.966313276420775136e-13
4.966312734319688893e-13
7.068986238381591569e-13
7.068986238381591569e-13
7.068986238381591569e-13
3.848963248814785132e-13
3.848963248814785132e-13
3.848963248814785132e-13
-1.301793221830660485e-11
-1.304594193091146437e-11
-1.301793221830660485e-11
-1.154385007723357504e-11
-1.156020071335639443e-11
-1.154385007723357504e-11
-2.604301323205771013e-11
-2.604388753268960244e-11
-2.604301323205771013e-11
-8.536885608145805548e-12
-8.536897751210137386e-12
-8.536885608145805548e-12
-4.958427331919201819e-12
-4.958427765600070813e-12
-4.958427331919201819e-12
-2.043967859549633559e-12
-2.043969594273109536e-12
-2.043967859549633559e-12
1.123640365322843560e-13
1.123641313999744484e-13
1.123640365322843560e-13
7.325021665616215927e-13
7.325026002424905869e-13
7.325021665616215927e-13
1.508549903918299240e-12
1.508550229178950985e-12
1.508549903918299240e-12
1.367487720282944963e-12
1.367487937123379460e-12
1.367487720282944963e-12
2.816146838294231181e-13
2.816149006698576152e-13
2.816146838294231181e-13
1.663122357930049700e-13
1.663122628980592821e-13
1.663122357930049700e-13
7.772282166820798643e-13
7.772282166820798643e-13
7.772282166820798643e-13
3.733757010168647916e-13
3.733757010168647916e-13
3.733757010168647916e-13
-1.074091482422545596e-09
-1.074106359411075573e-09
-1.074091482422545596e-09
-2.416659372617147028e-10
-2.416736810673114633e-10
-2.416659372617147028e-10
-2.807505790347608610e-11
-2.807788723746540427e-11
-2.807505790347608610e-11
-1.819064213495757976e-12
-1.819085463858338692e-12
-1.819064213495757976e-12
3.626452870636454051e-12
3.626456340083406005e-12
3.626452870636454051e-12
3.334246290523368295e-12
3.334249326289451254e-12
3.334246290523368295e-12
3.874203475390247675e-12
3.874214317411972530e-12
3.874203475390247675e-12
5.118355392297324613e-12
5.118357994382538578e-12
5.118355392297324613e-12
3.685541021675176054e-12
3.685542756398652031e-12
3.685541021675176054e-12
2.723592835637833609e-12
2.723593269318702603e-12
2.723592835637833609e-12
1.029646528628858082e-12
1.029646962309727076e-12
1.029646528628858082e-12
6.690882656951169238e-13
6.690883741153341724e-13
6.690882656951169238e-13
4.049168227278354681e-13
4.049168498328897803e-13
4.049168227278354681e-13
2.454542103423607013e-13
2.454542103423607013e-13
2.454542103423607013e-13
-2.169009682972955488e-08
-2.169009682972955488e-08
-2.169009682972955488e-08
-1.839569746531211081e-10
-1.839605828779511398e-10
-1.839569746531211081e-10
-3.780244346718308890e-13
-3.780431100542519518e-13
-3.780244346718308890e-13
3.740419703569114462e-13
3.740426479832692497e-13
3.740419703569114462e-13
1.039483516623862513e-11
1.039483603360036312e-11
1.039483516623862513e-11
6.328349736600680231e-12
6.328351905005025202e-12
6.328349736600680231e-12
2.505967005086984223e-12
2.505970040853067182e-12
2.505967005086984223e-12
1.745584362819463387e-12
1.745585121760984126e-12
1.745584362819463387e-12
2.634652261981895727e-12
2.634652695662764721e-12
2.634652261981895727e-12
2.014588799600924851e-12
2.014589233281793845e-12
2.014588799600924851e-12
2.289691873602617278e-12
2.289692524123920769e-12
2.289691873602617278e-12
1.692299729169621791e-12
1.692299946010056289e-12
1.692299729169621791e-12
6.059409701428264405e-13
6.059410243529350648e-13
6.059409701428264405e-13
3.449380267094709351e-13
3.449380538145252473e-13
3.449380267094709351e-13
2.126540721292258240e-08
2.126540721292258240e-08
2.126540721292258240e-08
4.777287940238572617e-11
4.777329573601996060e-11
4.777287940238572617e-11
9.502114373116654633e-12
9.502294784358156221e-12
9.502114373116654633e-12
3.864949679743823197e-11
3.864955924748336713e-11
3.864949679743823197e-11
1.458228850170772972e-11
1.458229023643120570e-11
1.458228850170772972e-11
1.215264174014851761e-11
1.215264174014851761e-11
1.215264174014851761e-11
9.389050301122914277e-12
9.389052035846390254e-12
9.389050301122914277e-12
4.697266013653500494e-12
4.697267748376976471e-12
4.697266013653500494e-12
5.345064668649257555e-13
5.345067921255775012e-13
5.345064668649257555e-13
3.095301250553850192e-13
3.095301792654936435e-13
3.095301250553850192e-13
1.409898998765146683e-12
1.409898998765146683e-12
1.409898998765146683e-12
1.458572737415841925e-12
1.458572845836059173e-12
1.458572737415841925e-12
1.359431339199856925e-12
1.359431339199856925e-12
1.359431339199856925e-12
4.564717744418023138e-13
4.564717744418023138e-13
4.564717744418023138e-13
3.008007176674709626e-09
3.008007398719314551e-09
3.008007176674709626e-09
1.048328313046908988e-09
1.048329645314538539e-09
1.048328313046908988e-09
2.768733853297788983e-10
2.768744955528035234e-10
2.768733853297788983e-10
7.215359559831213687e-11
7.215391478743171660e-11
7.215359559831213687e-11
2.676080711194739337e-11
2.676085221475776876e-11
2.676080711194739337e-11
2.930818131588464048e-12
2.930818131588464048e-12
2.930818131588464048e-12
1.278727232607856923e-12
1.278727341028074171e-12
1.278727232607856923e-12
3.127537942168578944e-12
3.127538159009013441e-12
3.127537942168578944e-12
8.046782858095458124e-12
8.046782858095458124e-12
8.046782858095458124e-12
7.976541302467943240e-12
7.976541302467943240e-12
7.976541302467943240e-12
3.177041312321660094e-12
3.177041529162094591e-12
3.177041312321660094e-12
3.224223405623449779e-12
3.224223622463884276e-12
3.224223405623449779e-12
2.970973944291244173e-12
2.970973944291244173e-12
2.970973944291244173e-12
1.868025916243465367e-12
1.868025916243465367e-12
1.868025916243465367e-12
2.479026584012444800e-08
2.479026584012444800e-08
2.479026584012444800e-08
1.280399831299350311e-11
1.280401392550478690e-11
1.280399831299350311e-11
2.019549241380480531e-12
2.019557047636122427e-12
2.019549241380480531e-12
2.139922267163640868e-11
2.139925910082940419e-11
2.139922267163640868e-11
2.019788850060599827e-11
2.019790064367033011e-11
2.019788850060599827e-11
1.607270566639229514e-11
1.607270740111577112e-11
1.607270566639229514e-11
1.038876970560487223e-11
1.038876970560487223e-11
1.038876970560487223e-11
7.538606891510646335e-12
7.538606891510646335e-12
7.538606891510646335e-12
3.235045261187896593e-12
3.235045261187896593e-12
3.235045261187896593e-12
2.483428827165790054e-12
2.483428827165790054e-12
2.483428827165790054e-12
4.698724916096796989e-12
4.698724916096796989e-12
4.698724916096796989e-12
1.225098039507599434e-12
1.225098147927816683e-12
1.225098039507599434e-12
8.091179636016132548e-13
8.091180178117218791e-13
8.091179636016132548e-13
6.920154553557988919e-13
6.920154553557988919e-13
6.920154553557988919e-13
-2.467779047776730295e-08
-2.467779047776730295e-08
-2.467779047776730295e-08
-1.960958999347450771e-11
-1.960960387126231552e-11
-1.960958999347450771e-11
4.688356907561752607e-13
4.688365581179132491e-13
4.688356907561752607e-13
4.144180658360863134e-12
4.144187597254767041e-12
4.144180658360863134e-12
1.177852607114893146e-11
1.177852867323414543e-11
1.177852607114893146e-11
1.530729883125747648e-11
1.530729883125747648e-11
1.530729883125747648e-11
9.438194149835599234e-12
9.438195017197337222e-12
9.438194149835599234e-12
7.304269168673105384e-12
7.304269168673105384e-12
7.304269168673105384e-12
7.830506208728049700e-12
7.830506208728049700e-12
7.830506208728049700e-12
6.892292726129456426e-12
6.892292726129456426e-12
6.892292726129456426e-12
6.426346000482086041e-12
6.426346000482086041e-12
6.426346000482086041e-12
5.992496863310714517e-12
5.992496863310714517e-12
5.992496863310714517e-12
2.130125503069235648e-12
2.130125719909670146e-12
2.130125503069235648e-12
1.131153655985206452e-12
1.131153655985206452e-12
1.131153655985206452e-12
-1.131711724333683833e-09
-1.131711724333683833e-09
-1.131711724333683833e-09
-3.108764079495784927e-10
-3.108764634607297239e-10
-3.108764079495784927e-10
-3.554863695076626584e-11
-3.554868552302359319e-11
-3.554863695076626584e-11
-1.204071998356370798e-12
-1.204073516239412278e-12
-1.204071998356370798e-12
4.169038378409872792e-12
4.169040113133348768e-12
4.169038378409872792e-12
7.841653541784676662e-12
7.841653541784676662e-12
7.841653541784676662e-12
9.096282754805784521e-12
9.096282754805784521e-12
9.096282754805784521e-12
6.603064883065057344e-12
6.603064883065057344e-12
6.603064883065057344e-12
3.249698253549038185e-12
3.249698253549038185e-12
3.249698253549038185e-12
2.962676111384343614e-12
2.962676111384343614e-12
2.962676111384343614e-12
2.698300784198526259e-12
2.698300784198526259e-12
2.698300784198526259e-12
2.284302738284060830e-12
2.284302738284060830e-12
2.284302738284060830e-12
2.296799903045432245e-12
2.296799903045432245e-12
2.296799903045432245e-12
7.985358251375029859e-13
7.985358793476116102e-13
7.985358251375029859e-13
-2.521124975451982664e-10
-2.521124975451982664e-10
-2.521124975451982664e-10
-1.355996981367013632e-10
-1.355997120144891710e-10
-1.355996981367013632e-10
-4.339177628320811664e-11
-4.339180403878373227e-11
-4.339177628320811664e-11
-4.543494920572488383e-12
-4.543501859466392290e-12
-4.543494920572488383e-12
1.766370795290572726e-13
1.766370795290572726e-13
1.766370795290572726e-13
2.017879786875287351e-12
2.017879786875287351e-12
2.017879786875287351e-12
4.701418941654988970e-12
4.701418941654988970e-12
4.701418941654988970e-12
4.445246254425327948e-12
4.445246254425327948e-12
4.445246254425327948e-12
4.821596680942841218e-12
4.821596680942841218e-12
4.821596680942841218e-12
4.991969511369820367e-12
4.991969511369820367e-12
4.991969511369820367e-12
3.989269418275265267e-12
3.989269851956134261e-12
3.989269418275265267e-12
2.250103965997785060e-12
2.250104182838219558e-12
2.250103965997785060e-12
2.392706475659589493e-12
2.392706475659589493e-12
2.392706475659589493e-12
5.460287712429068296e-13
5.460288254530154539e-13
5.460287712429068296e-13
-1.170023800067809816e-11
-1.170023886803983615e-11
-1.170023800067809816e-11
-1.202144894046908163e-11
-1.202144980783081962e-11
-1.202144894046908163e-11
-7.312720741448064388e-12
-7.312724210895016341e-12
-7.312720741448064388e-12
-6.042163731151406481e-12
-6.042166766917489440e-12
-6.042163731151406481e-12
-2.867866534528307199e-12
-2.867867401890045187e-12
-2.867866534528307199e-12
-1.805445983688036549e-12
-1.805446092108253797e-12
-1.805445983688036549e-12
1.743438726720114573e-12
1.743438726720114573e-12
1.743438726720114573e-12
3.666760471643382147e-12
3.666760471643382147e-12
3.666760471643382147e-12
3.316444775053328797e-12
3.316444775053328797e-12
3.316444775053328797e-12
1.185901962567903478e-12
1.185901962567903478e-12
1.185901962567903478e-12
1.508714160547430794e-12
1.508714268967648042e-12
1.508714160547430794e-12
3.222591681353859094e-12
3.222591898194293591e-12
3.222591681353859094e-12
2.303592429656053930e-12
2.303592646496488427e-12
2.303592429656053930e-12
2.909131702893974492e-12
2.909132136574843486e-12
2.909131702893974492e-12
-4.446550766479262506e-11
-4.446551113423957702e-11
-4.446550766479262506e-11
-4.109429810328357746e-11
-4.109430504217748137e-11
-4.109429810328357746e-11
-3.695706241035878747e-11
-3.695706934925269138e-11
-3.695706241035878747e-11
-2.419214134574687591e-11
-2.419214654991730384e-11
-2.419214134574687591e-11
-9.980388911146054198e-12
-9.980390645869530175e-12
-9.980388911146054198e-12
-1.807001813805553248e-12
-1.807002464326856739e-12
-1.807001813805553248e-12
7.025107492258930719e-13
7.025107492258930719e-13
7.025107492258930719e-13
4.014893452419787678e-12
4.014893452419787678e-12
4.014893452419787678e-12
7.727121893730259927e-12
7.727122761091997916e-12
7.727121893730259927e-12
1.205121159114641571e-11
1.205121245850815370e-11
1.205121159114641571e-11
1.386730921065781885e-11
1.386731181274303282e-11
1.386730921065781885e-11
1.598506570166247087e-11
1.598506570166247087e-11
1.598506570166247087e-11
1.823083871366204534e-11
1.823083871366204534e-11
1.823083871366204534e-11
1.306890706764818333e-11
1.306890966973339729e-11
1.306890706764818333e-11
-8.327069936364672742e-12
-8.327070803726410730e-12
-8.327069936364672742e-12
-8.161868750300449449e-12
-8.161869617662187437e-12
-8.161868750300449449e-12
-4.135939420807366318e-12
-4.135940288169104306e-12
-4.135939420807366318e-12
-2.353686906833574177e-12
-2.353687991035746663e-12
-2.353686906833574177e-12
-2.861112605515025997e-12
-2.861112605515025997e-12
-2.861112605515025997e-12
-1.089817906058110353e-12
-1.089818339738979347e-12
-1.089817906058110353e-12
5.418477081950423546e-13
5.418477081950423546e-13
5.418477081950423546e-13
2.553648698749855228e-12
2.553648698749855228e-12
2.553648698749855228e-12
4.049114776111251146e-12
4.049114776111251146e-12
4.049114776111251146e-12
5.002463287356873067e-12
5.002464154718611056e-12
5.002463287356873067e-12
7.595025303119840032e-12
7.595027037843316009e-12
7.595025303119840032e-12
1.087579418884709881e-11
1.087579505620883680e-11
1.087579418884709881e-11
1.550541986472531164e-11
1.550542333417226359e-11
1.550541986472531164e-11
2.775723054182499538e-11
2.775723921544237527e-11
2.775723054182499538e-11
0.000000000000000000e+00
5.159993526210326920e-13
2.576753372306173073e-13
-8.350649815733190984e-13
-1.569558502265144817e-12
-4.882560284899528646e-13
-6.713702402176557893e-14
-4.048272405233338533e-13
-2.536539229526513228e-13
-1.405140110169456058e-13
-2.957626615948845406e-14
-1.534409670720174312e-14
-1.645163633144999804e-14
4.175197852924507347e-14
7.337124072366585370e-14
0.000000000000000000e+00
-3.325052256100691217e-12
-1.023368629421428366e-11
-9.238506661068957015e-12
-6.477509501001676995e-12
-1.965594570788042894e-12
-4.616253993644514608e-12
-1.227712484626330980e-12
-7.857337827252286466e-13
-5.369599621711518278e-13
-7.676725466247702467e-13
1.669959472355014851e-13
9.514098493410005908e-13
8.217462355106924798e-14
1.718543791431534351e-13
-7.865829460976696930e-26
-1.601791095595661574e-11
-3.735381101654944302e-11
-1.899291834916994048e-11
-1.701068105819381060e-11
-1.177942812735643940e-11
-5.466588119673598811e-12
-2.225041331738175643e-12
-9.081746856279271363e-13
-6.778756158828946887e-13
-9.901025312120115274e-13
7.436603687450277222e-14
7.411426073550275717e-13
4.041769631653313599e-13
5.567507175771591044e-13
0.000000000000000000e+00
-1.749193324906972435e-11
-2.285481873198769165e-11
-3.649166038788287381e-11
-2.058887955957988680e-11
-1.469379305729656693e-11
-7.622918789251809102e-12
-2.845178519866875533e-12
-1.684222422984604783e-12
-5.368136490879749090e-13
9.577056622788251983e-14
1.896684713583937643e-13
1.302265044932082727e-13
8.080294788305464326e-13
9.301265270142411445e-13
0.000000000000000000e+00
-8.499027037700557230e-10
-2.364511919594747269e-10
-6.275732711280568310e-11
-2.603453216898365952e-11
-1.440159970444998550e-11
-8.162881828810419904e-12
-4.089330003093083477e-12
-2.514080523624562247e-13
4.251347537898020335e-13
1.789717245931354839e-12
5.502267478446620785e-13
3.943979474604897284e-13
9.674920370059125752e-13
1.175580574726275973e-12
-5.436813239612092730e-07
-2.235602991618179658e-08
-4.200252645691904263e-10
-6.349754055889889059e-11
-3.605531498362957166e-11
-1.033513639253635930e-11
-4.340497579413682416e-12
-3.328948445027735126e-12
-1.140476168365323062e-12
1.045198649851641903e-12
1.514615039291400400e-12
1.147619109118092062e-12
1.480757140168154073e-12
1.228495278594865514e-12
1.520518845381235717e-12
0.000000000000000000e+00
-1.138397043298766675e-09
-3.817543781092780364e-10
-9.265615358300394178e-11
-1.198806331981216999e-11
-7.905488763615409198e-12
-1.576905164606123844e-12
1.362841805553627328e-12
3.022291401519328069e-12
1.270175913233029252e-12
4.142455150603352454e-13
1.098945804148265815e-12
1.579898538384139073e-12
2.131455168613571871e-12
1.976990836663472528e-12
0.000000000000000000e+00
8.212818203290339625e-10
3.897016043197254476e-10
1.120655998554376254e-10
3.340490037362364717e-11
1.592457415933168363e-11
7.519235478399902139e-14
-4.859737829168708778e-13
-1.896961754344062001e-12
1.340416059397719906e-12
5.213746101517813258e-12
1.051763060325172638e-12
1.833147566035475684e-12
3.234402762980481683e-12
3.845016752906937896e-12
1.156901248577923980e-06
2.559874268115436280e-08
4.004860332251780619e-10
9.268596307121512723e-11
3.460622066686624976e-11
2.004974138103410297e-11
5.759130585619720577e-12
2.364190440640179247e-12
2.406600743340425730e-12
2.092032927100695439e-12
2.998450012586806324e-12
4.525390479015456435e-12
2.249127967202113609e-12
3.351505704907165040e-12
4.537032208262736788e-12
0.000000000000000000e+00
9.405634049386435436e-10
3.804076220692564902e-10
8.901063219823868167e-11
2.697188306033382332e-11
1.652096688620208198e-11
1.162823743544594279e-11
4.498117156526149074e-12
1.880364353806784905e-12
3.030247710741895695e-12
3.464398039276783692e-12
4.959241350910303936e-12
6.111502796890544431e-12
4.350479178294452964e-12
5.668189875795981436e-12
0.000000000000000000e+00
1.197280052878113565e-10
1.050798129065277919e-10
5.466602864823144614e-11
2.159876617835454482e-11
1.284834912074206414e-11
1.037360475297788298e-11
6.991334594586007256e-12
5.233730983322804065e-12
3.317268551863983284e-12
3.728772932781732052e-12
5.373240047346072856e-12
6.099004547927000530e-12
5.848743798303468466e-12
6.466726026194136168e-12
0.000000000000000000e+00
3.215198723580114937e-12
1.287189278775802137e-11
1.581773080572279611e-11
1.687863043775550409e-11
1.100710841916985316e-11
7.690064730836443374e-12
7.247506848134799284e-12
4.857380123124421800e-12
3.146895504596569637e-12
4.731473025876287153e-12
7.112405282783118565e-12
5.956402038265196097e-12
7.695423291653735731e-12
7.012754092705630882e-12
0.000000000000000000e+00
3.536409229690229417e-12
8.163164588737004124e-12
1.454717422910700719e-11
1.370433107272805984e-11
9.944686567286975531e-12
4.141178719385685270e-12
5.324184235849793723e-12
5.207695819714475149e-12
5.277438642342646702e-12
4.408660502636108092e-12
5.398526677774517779e-12
6.875401723643870255e-12
7.089882934213642685e-12
9.921888831365688333e-12
0.000000000000000000e+00
1.652011860642232932e-13
4.025929763173952125e-12
1.782252297133357644e-12
-5.074256444713431957e-13
1.771294699456915644e-12
1.631665722673369956e-12
2.011800882134595625e-12
1.495466402622047664e-12
9.533484028254046727e-13
2.592562015762966965e-12
3.280769536248562268e-12
4.629626109559081826e-12
1.225181674863184966e-11
2.299080717471646551e-11
