1.490986674401728607e-11
1.491003848164140777e-11
1.490986674401728607e-11
1.175141581266636592e-11
1.175141841475157989e-11
1.175141581266636592e-11
1.039357228754811402e-11
1.039357662435680396e-11
1.039357228754811402e-11
7.844339761087226748e-12
7.844344097895916690e-12
7.844339761087226748e-12
4.159314819646153794e-12
4.159316120688760776e-12
4.159314819646153794e-12
8.111092635217087565e-13
8.111094803621432536e-13
8.111092635217087565e-13
4.601585497192306473e-13
4.601589834000996415e-13
4.601585497192306473e-13
1.451693799892073145e-12
1.451693799892073145e-12
1.451693799892073145e-12
1.274628081034123728e-12
1.274628189454340976e-12
1.274628081034123728e-12
3.413252482303147373e-13
3.413256277010751072e-13
3.413252482303147373e-13
1.498518648578028856e-13
1.498519190679115098e-13
1.498518648578028856e-13
2.065346185091757047e-13
2.065346185091757047e-13
2.065346185091757047e-13
1.829510935108524805e-13
1.829510935108524805e-13
1.829510935108524805e-13
1.139248743085852222e-13
1.139248743085852222e-13
1.139248743085852222e-13
5.481822027558758137e-12
5.481827665410055062e-12
5.481822027558758137e-12
5.602380104968718300e-12
5.602381839692194276e-12
5.602380104968718300e-12
2.718766184406362640e-12
2.718766184406362640e-12
2.718766184406362640e-12
2.597847501353833799e-12
2.597847718194268296e-12
2.597847501353833799e-12
5.116740364741190206e-12
5.116741232102928194e-12
5.116740364741190206e-12
6.453708661230406207e-12
6.453710829634751178e-12
6.453708661230406207e-12
5.102912883914179076e-12
5.102913317595048071e-12
5.102912883914179076e-12
2.378511883976974772e-12
2.378513185019581755e-12
2.378511883976974772e-12
1.318697213058273032e-12
1.318697646739142026e-12
1.318697213058273032e-12
1.183203708621238803e-12
1.183204250722325046e-12
1.183203708621238803e-12
1.254507457117137736e-12
1.254507565537354985e-12
1.254507457117137736e-12
1.257149549391267662e-12
1.257149657811484911e-12
1.257149549391267662e-12
8.930461079838247773e-13
8.930461079838247773e-13
8.930461079838247773e-13
4.144970499643518824e-13
4.144970228592975703e-13
4.144970499643518824e-13
3.778555593414445468e-12
3.778556894457052451e-12
3.778555593414445468e-12
2.748951673930966066e-12
2.748953408654442043e-12
2.748951673930966066e-12
3.832411818449621421e-12
3.832413119492228404e-12
3.832411818449621421e-12
3.819707137392436280e-12
3.819708438435043263e-12
3.819707137392436280e-12
3.029373410110003384e-12
3.029374927993044864e-12
3.029373410110003384e-12
3.286448804068475837e-12
3.286449237749344832e-12
3.286448804068475837e-12
3.036036482981230300e-12
3.036036916662099294e-12
3.036036482981230300e-12
2.121815093417134257e-12
2.121815960778872245e-12
2.121815093417134257e-12
1.749707800521860257e-12
1.749708667883598245e-12
1.749707800521860257e-12
2.256448283430301238e-12
2.256448500270735735e-12
2.256448283430301238e-12
1.917658306455072292e-12
1.917658306455072292e-12
1.917658306455072292e-12
1.353858973714150427e-12
1.353859190554584924e-12
1.353858973714150427e-12
9.646236717383849246e-13
9.646237801586021732e-13
9.646236717383849246e-13
5.047578023956167392e-13
5.047578023956167392e-13
5.047578023956167392e-13
5.722082421603935654e-13
5.722084047907194382e-13
5.722082421603935654e-13
1.717120233979060884e-13
1.717120776080147126e-13
1.717120233979060884e-13
2.938488211437495501e-13
2.938489024589124865e-13
2.938488211437495501e-13
2.905745088987998770e-12
2.905745522668867764e-12
2.905745088987998770e-12
3.247695298455588464e-12
3.247696165817326452e-12
3.247695298455588464e-12
2.331837414132342801e-12
2.331837630972777298e-12
2.331837414132342801e-12
2.372152387714043797e-12
2.372152821394912792e-12
2.372152387714043797e-12
2.303774358780596998e-12
2.303775009301900489e-12
2.303774358780596998e-12
1.928817348895162098e-12
1.928817999416465589e-12
1.928817348895162098e-12
1.793163165696165517e-12
1.793163382536600015e-12
1.793163165696165517e-12
1.831092786078181156e-12
1.831092786078181156e-12
1.831092786078181156e-12
1.079259728462012013e-12
1.079259836882229262e-12
1.079259728462012013e-12
3.653542854538394113e-13
3.653543125588937235e-13
3.653542854538394113e-13
1.726000527398074968e-13
1.726000662923346529e-13
1.726000527398074968e-13
8.361307523088723492e-13
8.361308607290895978e-13
8.361307523088723492e-13
1.384063870457641343e-12
1.384064087298075840e-12
1.384063870457641343e-12
1.982935083494341555e-12
1.982935517175210549e-12
1.982935083494341555e-12
2.075035022280902197e-12
2.075035672802205688e-12
2.075035022280902197e-12
1.847847612770903147e-12
1.847848696973075633e-12
1.847847612770903147e-12
2.705825797796879151e-12
2.705826014637313648e-12
2.705825797796879151e-12
2.343171229962637270e-12
2.343171663643506264e-12
2.343171229962637270e-12
2.528270778498487026e-12
2.528271429019790517e-12
2.528270778498487026e-12
3.371203056296012690e-12
3.371203489976881684e-12
3.371203056296012690e-12
2.411962773604670041e-12
2.411962990445104538e-12
2.411962773604670041e-12
4.115745830084172052e-13
4.115746101134715174e-13
4.115745830084172052e-13
7.005938255748300758e-13
7.005938797849387001e-13
7.005938255748300758e-13
7.872382216597695326e-13
7.872382758698781569e-13
7.872382216597695326e-13
2.423385114542347951e-13
2.423385114542347951e-13
2.423385114542347951e-13
1.452423251113721392e-12
1.452423359533938640e-12
1.452423251113721392e-12
2.835394679462366341e-12
2.835394896302800838e-12
2.835394679462366341e-12
2.916308037073656045e-12
2.916308253914090542e-12
2.916308037073656045e-12
7.219783039642824196e-13
7.219786292249341653e-13
7.219783039642824196e-13
5.530718569755899150e-13
5.530721822362416606e-13
5.530718569755899150e-13
1.242404481160627738e-13
1.242404616685899299e-13
1.242404481160627738e-13
2.113622455226019103e-13
2.113622590751290664e-13
2.113622455226019103e-13
1.037694561355217981e-12
1.037694669775435230e-12
1.037694561355217981e-12
5.390432566455827246e-13
5.390433650657999731e-13
5.390432566455827246e-13
4.759435033585557306e-13
4.759435575686643549e-13
4.759435033585557306e-13
1.010383183369656379e-12
1.010383074949439131e-12
1.010383183369656379e-12
1.508702424058913638e-13
1.508702559584185199e-13
1.508702424058913638e-13
6.246522396557985246e-14
6.246523074184343050e-14
6.246522396557985246e-14
2.500536127984787083e-13
2.500536127984787083e-13
2.500536127984787083e-13
1.739646295940977527e-13
1.739646431466249088e-13
1.739646295940977527e-13
7.672170190820004620e-13
7.672170190820004620e-13
7.672170190820004620e-13
6.784132717402302504e-13
6.784132717402302504e-13
6.784132717402302504e-13
3.609350231886798710e-13
3.609352129240600560e-13
3.609350231886798710e-13
3.273801314675889307e-13
3.273801856776975550e-13
3.273801314675889307e-13
9.532061555003745745e-13
9.532066976014608173e-13
9.532061555003745745e-13
1.278280324472358398e-12
1.278280324472358398e-12
1.278280324472358398e-12
8.491434009931519977e-13
8.491437262538037434e-13
8.491434009931519977e-13
4.240080237871007851e-13
4.240080779972094094e-13
4.240080237871007851e-13
4.342461449018814035e-13
4.342462804271529642e-13
4.342461449018814035e-13
7.039627127752856595e-13
7.039627127752856595e-13
7.039627127752856595e-13
7.056315709692839722e-13
7.056316251793925964e-13
7.056315709692839722e-13
3.282665480587587670e-13
3.282666022688673912e-13
3.282665480587587670e-13
2.074300068733228586e-13
2.074300204258500147e-13
2.074300068733228586e-13
5.790292832881516194e-14
5.790294865760589604e-14
5.790292832881516194e-14
1.257367555343100185e-13
1.257367555343100185e-13
1.257367555343100185e-13
8.390720301724996499e-13
8.390720843826082742e-13
8.390720301724996499e-13
1.279875294288301824e-12
1.279876812171343303e-12
1.279875294288301824e-12
8.291216021041880602e-13
8.291219815749484301e-13
8.291216021041880602e-13
8.860537629128140136e-13
8.860541423835743835e-13
8.860537629128140136e-13
1.465397790091638175e-12
1.465398006932072672e-12
1.465397790091638175e-12
1.950496188174444256e-12
1.950496621855313251e-12
1.950496188174444256e-12
1.918034524608924762e-12
1.918034741449359259e-12
1.918034524608924762e-12
1.469182197774698828e-12
1.469182848296002319e-12
1.469182197774698828e-12
1.230277490125997186e-12
1.230277815386648932e-12
1.230277490125997186e-12
1.191116758177124257e-12
1.191116866597341506e-12
1.191116758177124257e-12
9.290752845877991994e-13
9.290752845877991994e-13
9.290752845877991994e-13
2.068440227041487556e-13
2.068440769142573799e-13
2.068440227041487556e-13
2.951643649547891490e-13
2.951643649547891490e-13
2.951643649547891490e-13
1.184449131656772902e-13
1.184449131656772902e-13
1.184449131656772902e-13
7.075548100980016963e-14
7.075548100980016963e-14
7.075548100980016963e-14
2.753117016047329502e-13
2.753122166007648808e-13
2.753117016047329502e-13
1.557951033806515007e-12
1.557951359067166752e-12
1.557951033806515007e-12
2.008458720517691809e-12
2.008459371038995300e-12
2.008458720517691809e-12
1.665945810122582138e-12
1.665946785904537375e-12
1.665945810122582138e-12
1.156255972044328839e-12
1.156256514145415082e-12
1.156255972044328839e-12
1.468460119127823482e-12
1.468460552808692476e-12
1.468460119127823482e-12
1.612416797303062310e-12
1.612417230983931304e-12
1.612416797303062310e-12
1.341898055347290342e-12
1.341898380607942087e-12
1.341898055347290342e-12
1.240455112759553113e-12
1.240455438020204859e-12
1.240455112759553113e-12
8.539774790095044921e-13
8.539776416398303649e-13
8.539774790095044921e-13
3.812940360583411126e-13
3.812940902684497368e-13
3.812940360583411126e-13
3.027690132027111014e-13
3.027690403077654135e-13
3.027690132027111014e-13
1.060060242710769707e-12
1.060060459551204204e-12
1.060060242710769707e-12
1.289032357416897145e-12
1.289032682677548891e-12
1.289032357416897145e-12
1.549217568466709771e-12
1.549218110567796014e-12
1.549217568466709771e-12
1.208754559119118444e-12
1.208754559119118444e-12
1.208754559119118444e-12
2.424731151539488705e-13
2.424731964691118069e-13
2.424731151539488705e-13
2.116438941419593323e-13
2.116440296672308929e-13
2.116438941419593323e-13
1.141252240280388186e-12
1.141252348700605435e-12
1.141252240280388186e-12
1.182957919988736339e-12
1.182958136829170837e-12
1.182957919988736339e-12
1.042472423488927102e-12
1.042472531909144351e-12
1.042472423488927102e-12
1.109240412196232928e-12
1.109240845877101922e-12
1.109240412196232928e-12
4.100115700515077899e-13
4.100115700515077899e-13
4.100115700515077899e-13
1.991970905714998685e-13
1.991972396492985853e-13
1.991970905714998685e-13
4.190646039816531276e-13
4.190646039816531276e-13
4.190646039816531276e-13
5.529001464565225232e-14
5.529001464565225232e-14
5.529001464565225232e-14
1.598249798565737345e-13
1.598250340666823588e-13
1.598249798565737345e-13
7.378471748517578810e-13
7.378472832719751295e-13
7.378471748517578810e-13
6.695981117667282323e-13
6.695982201869454808e-13
6.695981117667282323e-13
1.880290899109599012e-13
1.880290899109599012e-13
1.880290899109599012e-13
2.128824460462253043e-13
2.128825273613882407e-13
2.128824460462253043e-13
5.908879613901463212e-13
5.908882324406894426e-13
5.908879613901463212e-13
6.931118548027248583e-13
6.931119632229421068e-13
6.931118548027248583e-13
1.695367587636886775e-12
1.695367696057104023e-12
1.695367587636886775e-12
3.368819329399586060e-12
3.368819329399586060e-12
3.368819329399586060e-12
3.797992736281896597e-12
3.797993169962765592e-12
3.797992736281896597e-12
4.376557709989681300e-12
4.376559011032288282e-12
4.376557709989681300e-12
3.032807512071133971e-12
3.032807945752002965e-12
3.032807512071133971e-12
1.188371016175304717e-12
1.188371016175304717e-12
1.188371016175304717e-12
4.282979136280284926e-13
4.282979136280284926e-13
4.282979136280284926e-13
4.514190128472594932e-13
4.514191212674767417e-13
4.514190128472594932e-13
4.560775043217779601e-13
4.560776669521038329e-13
4.560775043217779601e-13
1.515139034201362644e-12
1.515139251041797142e-12
1.515139034201362644e-12
2.468303990019182770e-12
2.468304423700051764e-12
2.468303990019182770e-12
2.595079966888347300e-12
2.595080183728781797e-12
2.595079966888347300e-12
2.064631018233731297e-12
2.064631668755034788e-12
2.064631018233731297e-12
1.824291585850179587e-12
1.824291585850179587e-12
1.824291585850179587e-12
1.462865093816712037e-12
1.462865310657146534e-12
1.462865093816712037e-12
1.175862575711339453e-12
1.175862792551773950e-12
1.175862575711339453e-12
1.946264980776102327e-12
1.946265197616536824e-12
1.946264980776102327e-12
9.791369104394931355e-13
9.791373441203621297e-13
9.791369104394931355e-13
3.815405565273100041e-13
3.815407462626901891e-13
3.815405565273100041e-13
6.222913894252113387e-13
6.222916604757544601e-13
6.222913894252113387e-13
3.777020742608966364e-13
3.777020742608966364e-13
3.777020742608966364e-13
9.444298641747561618e-13
9.444299725949734103e-13
9.444298641747561618e-13
1.110138348435485423e-12
1.110138456855702671e-12
1.110138348435485423e-12
4.380706951703783325e-13
4.380708306956498932e-13
4.380706951703783325e-13
5.279680230334260482e-13
5.279681314536432968e-13
5.279680230334260482e-13
1.890618304273283812e-12
1.890618521113718309e-12
1.890618304273283812e-12
2.438834290768854274e-12
2.438834724449723268e-12
2.438834290768854274e-12
2.984169985772999745e-12
2.984170202613434242e-12
2.984169985772999745e-12
3.141067484238591057e-12
3.141067701079025554e-12
3.141067484238591057e-12
2.493396981939621782e-12
2.493397415620490776e-12
2.493396981939621782e-12
5.184395664506458168e-13
5.184396206607544411e-13
5.184395664506458168e-13
5.263029053369228105e-13
5.263030137571400591e-13
5.263029053369228105e-13
2.716171688607604828e-12
2.716172772809777314e-12
2.716171688607604828e-12
2.349870515186425202e-12
2.349872466750335676e-12
2.349870515186425202e-12
1.098559787517279507e-13
1.098559855279915287e-13
1.098559787517279507e-13
3.240222218141297628e-13
3.240222760242383870e-13
3.240222218141297628e-13
5.888349703664363943e-13
5.888351329967622672e-13
5.888349703664363943e-13
5.198152021670954248e-13
5.198153105873126734e-13
5.198152021670954248e-13
9.228983679707147836e-13
9.228985848111492807e-13
9.228983679707147836e-13
1.139716142642410723e-12
1.139716576323279718e-12
1.139716142642410723e-12
2.415050364551474260e-12
2.415050581391908757e-12
2.415050364551474260e-12
2.590711065814099712e-12
2.590711499494968706e-12
2.590711065814099712e-12
2.762646014731195976e-12
2.762646448412064970e-12
2.762646014731195976e-12
3.953759628722020025e-12
3.953760062402889019e-12
3.953759628722020025e-12
4.948688160644199030e-12
4.948688160644199030e-12
4.948688160644199030e-12
3.480342750106224514e-12
3.480342750106224514e-12
3.480342750106224514e-12
3.278397085054729487e-12
3.278398169256901973e-12
3.278397085054729487e-12
3.261383350883217958e-12
3.261383784564086952e-12
3.261383350883217958e-12
5.089720962400678950e-13
5.089720962400678950e-13
5.089720962400678950e-13
8.958508305838275287e-13
8.958510474242620258e-13
8.958508305838275287e-13
1.432911298296368763e-12
1.432912057237889503e-12
1.432911298296368763e-12
2.768309019518522263e-12
2.768309236358956760e-12
2.768309019518522263e-12
3.356473736101928118e-12
3.356474820304100604e-12
3.356473736101928118e-12
3.699265286455366564e-12
3.699266587497973546e-12
3.699265286455366564e-12
3.684458987907035521e-12
3.684459855268773509e-12
3.684458987907035521e-12
4.329732319202639346e-12
4.329733186564377334e-12
4.329732319202639346e-12
5.103421157892640281e-12
5.103422458935247263e-12
5.103421157892640281e-12
5.328721405101211062e-12
5.328721838782080056e-12
5.328721405101211062e-12
7.169092576531088667e-12
7.169095612297171627e-12
7.169092576531088667e-12
1.168310153482066127e-11
1.168310760635282719e-11
1.168310153482066127e-11
1.436581235914058396e-11
1.436581322650232195e-11
1.436581235914058396e-11
1.900620286154897087e-11
1.900621500461330271e-11
1.900620286154897087e-11
1.443112383064937276e-11
3.158449847148747658e-12
1.357844284059772644e-12
2.549232743301321769e-12
3.685026676164548931e-12
3.348208212419767626e-12
3.509507138024781092e-13
-9.915353043829511215e-13
1.770681583128375092e-13
9.333031309594064240e-13
1.914734104775661638e-13
-5.668276042763639722e-14
2.358352838645501326e-14
6.902621920226725827e-14
1.139248743085852222e-13
8.949276215919343969e-12
3.037891552898352998e-12
4.241458313042345551e-12
2.670151643194285107e-12
1.166132078053716548e-12
2.011238831728379139e-12
1.701746924799574234e-12
1.732866454495773922e-12
1.236880715037302902e-12
1.068796635396440653e-12
1.201696484291400746e-13
-5.932494079319283742e-14
3.876870612734562016e-13
5.475753314318487774e-13
5.284219784830457289e-13
5.170685928035378964e-12
4.067496339743570388e-12
3.157998819044993688e-12
2.682856541091904745e-12
1.956465805336149444e-12
1.754162570408168698e-12
1.952158703785733529e-12
2.647088060900304463e-12
1.608987574251707908e-12
5.620559356475651747e-13
4.589595847467875522e-13
5.044743377376204041e-13
7.769223090391130793e-13
1.007441309194834211e-12
1.033179726668553844e-12
4.598476113781835295e-12
4.467993683365811819e-12
3.035861926431460134e-12
7.095948042481689533e-14
1.614515379028125253e-12
2.670021105252717852e-12
1.911843947044467029e-12
2.715466089833751262e-12
1.983944692557360057e-12
6.977100646364531311e-13
4.210300456799348501e-13
1.256307557984115419e-12
1.490827860467502930e-12
1.200195541908866126e-12
1.205779833618469965e-12
3.762343301488835223e-12
3.920059155754218594e-12
2.436990279713890928e-12
-2.114045327954606340e-14
1.841702571697689805e-12
1.812042269705438358e-12
2.274498514878708910e-12
2.530366324457467009e-12
1.141012089499182647e-12
1.656950401537904405e-12
2.421418534431785119e-12
9.672880985772680518e-13
1.404183410172454849e-12
1.745095279219455175e-12
1.448118426387867697e-12
2.309940433375956559e-12
2.537110712491630338e-12
2.356096004060836968e-12
2.173206926914250658e-12
2.010623655415710864e-12
2.240895186425562180e-12
2.187393061819919993e-12
1.704044891304157261e-12
1.639671905195871915e-12
1.720060400535461387e-12
1.886988612240236840e-12
1.826809970656428916e-12
1.492595110008654302e-12
1.557513232969265360e-12
1.698178056508403699e-12
2.135970653821539500e-12
1.943845475207983675e-12
2.444904088211297122e-12
2.490690813317097962e-12
2.044177977930661250e-12
1.615055528550457531e-12
1.862312170794466759e-12
2.133181001631734297e-12
2.064810128432625902e-12
1.709820869957856537e-12
1.617268927285586688e-12
1.825137697225587274e-12
1.869959265557441519e-12
1.678349733497119800e-12
1.905608049829199402e-12
2.078052790607798350e-12
1.876001307424268738e-12
1.731546004669903827e-12
2.049864835165782218e-12
2.494918768108922436e-12
1.558115507276081058e-12
1.282958331585981604e-12
1.648072845729375846e-12
2.097261817338158529e-12
2.158665824217309570e-12
1.856167563402122411e-12
1.864293441844466770e-12
2.131996402338076635e-12
2.400577349750965261e-12
2.112448020327728493e-12
1.782887097505347906e-12
2.052719973166805545e-12
1.779234962487330485e-12
1.845309929165983576e-12
1.212278324599913581e-12
1.107607603724469758e-12
1.625471133560874026e-12
2.157762033286325654e-12
1.785056369212056904e-12
2.014707628159029262e-12
2.126685763256808137e-12
1.965735733910900507e-12
2.518473493987039014e-12
2.873258055091643115e-12
2.493740457187865189e-12
1.480118328248125614e-12
1.295428933394127125e-12
1.550262630940768549e-12
1.585122983392694973e-12
1.552741225527287661e-12
2.073889020584585019e-12
1.656300313915282096e-12
1.228153754910532580e-12
1.743350581083491502e-12
2.155193341499272996e-12
2.059918208230371306e-12
2.664965904203286939e-12
2.729287282288161975e-12
2.653391395490700688e-12
2.912805196694789878e-12
1.424828137419620333e-12
1.190894063050895735e-12
9.722403004203128418e-13
1.653372209108050495e-12
2.034310653958870674e-12
2.049036721546437789e-12
1.278294961201686952e-12
1.125929861497954043e-12
7.410949024594382095e-13
4.817413828961392142e-13
1.630744476087409023e-12
2.086400279974198746e-12
4.073038781249316287e-12
4.497829192429136924e-12
4.101437071912794607e-12
9.965303322118090890e-13
1.167773126461990607e-12
9.675818089457943749e-13
5.943105165981399374e-13
1.081145372880398803e-12
1.922260094155969767e-12
1.808744451957389199e-12
1.366269619142157499e-12
1.102521502913123008e-12
7.687440636318376708e-13
8.603420710226461487e-13
3.053527916629938943e-12
4.670634105169435557e-12
4.257076462177433740e-12
4.723469011758130165e-12
6.188281224256408919e-13
6.010449841824250239e-13
8.018733788951737385e-13
1.266378495123898773e-12
9.912480992274597114e-13
5.596094334453516339e-13
1.260528682302253234e-12
8.209340325582292763e-13
9.456240044475316964e-13
1.416415053821784564e-12
2.835300137032925605e-12
3.045663981432467082e-12
2.480765376108862164e-12
4.623378502960351355e-12
7.073347550040631759e-12
5.089721504501765192e-13
3.868787072387053216e-13
5.370605219226498583e-13
1.335398154903022494e-12
5.881647707935144798e-13
3.427915503534384456e-13
-1.480621384503631732e-14
6.452732228753865762e-13
7.736890013203268079e-13
2.253005995742768386e-13
1.840371171429877606e-12
4.514009825651310592e-12
2.682711258000791688e-12
4.640390936089255902e-12
1.033473567141340865e-11
