-3.533363342285156250e-04
-2.674190998077392578e-01
-1.771450042724609375e-04
-1.757144927978515625e-04
-1.623589992523193359e-01
-1.747608184814453125e-04
-1.721382141113281250e-04
-1.367917060852050781e-01
-1.728534698486328125e-04
-1.175403594970703125e-04
-1.247344017028808594e-01
-1.165866851806640625e-04
-3.099441528320312500e-06
-7.546663284301757812e-03
-3.099441528320312500e-06
1.239776611328125000e-05
2.032434940338134766e-01
1.192092895507812500e-05
4.434585571289062500e-05
2.794935703277587891e-01
4.458427429199218750e-05
2.441406250000000000e-04
1.489429473876953125e-01
2.493858337402343750e-04
2.779960632324218750e-04
2.004693746566772461e-01
2.784729003906250000e-04
2.825260162353515625e-04
4.219675064086914062e-01
2.783536911010742188e-04
3.086328506469726562e-04
4.098438024520874023e-01
3.019571304321289062e-04
5.415678024291992188e-04
2.896911501884460449e-01
5.549192428588867188e-04
9.205937385559082031e-04
3.398618996143341064e-01
9.295344352722167969e-04
1.787394285202026367e-03
3.963023722171783447e-01
3.432316007092595100e-03
-8.506774902343750000e-04
-2.904901504516601562e-01
-4.179477691650390625e-04
-4.174709320068359375e-04
-1.761906147003173828e-01
-4.177093505859375000e-04
-2.803802490234375000e-04
-2.962563037872314453e-01
-2.768039703369140625e-04
-4.673004150390625000e-05
-1.708862781524658203e-01
-4.601478576660156250e-05
1.394748687744140625e-04
1.141695976257324219e-01
1.428127288818359375e-04
2.946853637695312500e-04
1.583449840545654297e-01
2.901554107666015625e-04
3.964900970458984375e-04
1.648921966552734375e-01
4.043579101562500000e-04
3.037452697753906250e-04
2.714786529541015625e-01
3.082752227783203125e-04
3.690719604492187500e-04
3.035196065902709961e-01
3.645420074462890625e-04
4.568099975585937500e-04
3.140612840652465820e-01
4.566907882690429688e-04
7.611513137817382812e-04
2.774115800857543945e-01
7.718801498413085938e-04
1.196622848510742188e-03
2.611461877822875977e-01
1.188755035400390625e-03
1.335620880126953125e-03
2.787772417068481445e-01
1.272380352020263672e-03
1.036226749420166016e-03
3.140950798988342285e-01
2.195566892623901367e-03
-4.294633865356445312e-03
-3.039109706878662109e-01
-2.106189727783203125e-03
-2.032995223999023438e-03
-3.759472370147705078e-01
-2.077579498291015625e-03
-1.196622848510742188e-03
-3.408384323120117188e-01
-1.170873641967773438e-03
-1.406669616699218750e-04
-1.743943691253662109e-01
-1.406669616699218750e-04
8.249282836914062500e-05
1.533672809600830078e-01
8.416175842285156250e-05
2.453327178955078125e-04
1.694705486297607422e-01
2.446174621582031250e-04
3.416538238525390625e-04
1.866970062255859375e-01
3.366470336914062500e-04
3.769397735595703125e-04
2.789039611816406250e-01
3.848075866699218750e-04
4.935264587402343750e-04
2.979435920715332031e-01
4.885196685791015625e-04
7.307529449462890625e-04
2.336760759353637695e-01
7.274150848388671875e-04
8.211135864257812500e-04
2.306056022644042969e-01
8.430480957031250000e-04
6.953477859497070312e-04
2.803413867950439453e-01
6.682872772216796875e-04
6.821155548095703125e-04
2.688316106796264648e-01
6.844997406005859375e-04
6.326436996459960938e-04
2.540043592453002930e-01
1.261949539184570312e-03
-6.812810897827148438e-03
-4.275615215301513672e-01
-3.401994705200195312e-03
-1.074790954589843750e-03
-5.380449295043945312e-01
-1.091480255126953125e-03
-1.225471496582031250e-04
-3.614861965179443359e-01
-1.194477081298828125e-04
-4.577636718750000000e-05
-1.134197711944580078e-01
-4.625320434570312500e-05
1.633167266845703125e-04
1.839940547943115234e-01
1.604557037353515625e-04
2.112388610839843750e-04
1.893155574798583984e-01
2.164840698242187500e-04
3.290176391601562500e-04
2.184424400329589844e-01
3.252029418945312500e-04
4.000663757324218750e-04
2.590794563293457031e-01
4.093647003173828125e-04
4.541873931884765625e-04
2.641420364379882812e-01
4.453659057617187500e-04
5.121231079101562500e-04
2.194392681121826172e-01
4.963874816894531250e-04
6.198883056640625000e-04
2.190907001495361328e-01
6.153583526611328125e-04
4.040002822875976562e-04
2.801498174667358398e-01
4.211664199829101562e-04
2.135038375854492188e-04
2.669769525527954102e-01
2.119541168212890625e-04
1.530647277832031250e-04
2.336325645446777344e-01
3.008842468261718750e-04
-1.036412715911865234e-01
-6.251494884490966797e-01
-5.285191535949707031e-02
-9.680509567260742188e-03
-5.069642066955566406e-01
-9.563207626342773438e-03
-1.240015029907226562e-03
-3.360047340393066406e-01
-1.231193542480468750e-03
-1.025199890136718750e-05
-7.013869285583496094e-02
-1.025199890136718750e-05
1.459121704101562500e-04
2.273867130279541016e-01
1.461505889892578125e-04
3.964900970458984375e-04
1.940178871154785156e-01
3.957748413085937500e-04
3.948211669921875000e-04
2.480435371398925781e-01
3.886222839355468750e-04
4.959106445312500000e-04
2.526803016662597656e-01
4.913806915283203125e-04
7.009506225585937500e-04
2.306904792785644531e-01
7.107257843017578125e-04
5.900859832763671875e-04
1.991922855377197266e-01
6.012916564941406250e-04
1.537799835205078125e-04
2.597718238830566406e-01
1.528263092041015625e-04
2.555847167968750000e-04
2.765785455703735352e-01
2.489089965820312500e-04
3.612041473388671875e-04
2.393617630004882812e-01
3.666877746582031250e-04
1.640319824218750000e-04
2.190427780151367188e-01
3.315210342407226562e-04
-7.191967964172363281e-02
-5.456764698028564453e-01
-3.590488433837890625e-02
-7.565975189208984375e-03
-3.852787017822265625e-01
-7.542848587036132812e-03
-9.379386901855468750e-04
-2.361016273498535156e-01
-9.293556213378906250e-04
0.000000000000000000e+00
2.347469329833984375e-03
2.384185791015625000e-07
6.198883056640625000e-05
2.503545284271240234e-01
6.127357482910156250e-05
2.503395080566406250e-05
2.314269542694091797e-01
2.551078796386718750e-05
3.457069396972656250e-05
2.529764175415039062e-01
3.409385681152343750e-05
2.219676971435546875e-04
2.327353954315185547e-01
2.284049987792968750e-04
1.659393310546875000e-04
2.604990005493164062e-01
1.618862152099609375e-04
1.890659332275390625e-04
2.544386386871337891e-01
1.869201660156250000e-04
2.653598785400390625e-04
1.843450069427490234e-01
2.655982971191406250e-04
4.148483276367187500e-05
2.722690105438232422e-01
4.100799560546875000e-05
3.242492675781250000e-05
2.659279108047485352e-01
3.302097320556640625e-05
1.916885375976562500e-04
1.912847757339477539e-01
3.833770751953125000e-04
-1.430511474609375000e-06
-2.998876571655273438e-02
-4.768371582031250000e-07
-4.577636718750000000e-05
-9.350633621215820312e-02
-4.673004150390625000e-05
-2.527236938476562500e-05
-5.731058120727539062e-02
-2.479553222656250000e-05
4.291534423828125000e-06
1.227340698242187500e-01
3.814697265625000000e-06
4.577636718750000000e-05
2.901287078857421875e-01
4.768371582031250000e-05
4.673004150390625000e-04
2.700870037078857422e-01
4.575252532958984375e-04
6.432533264160156250e-04
2.237272262573242188e-01
6.642341613769531250e-04
3.433227539062500000e-04
2.530791759490966797e-01
3.373622894287109375e-04
1.325607299804687500e-04
2.786605358123779297e-01
1.318454742431640625e-04
1.792907714843750000e-04
2.905879020690917969e-01
1.769065856933593750e-04
3.883838653564453125e-04
1.909008026123046875e-01
3.881454467773437500e-04
3.852844238281250000e-04
2.051796913146972656e-01
3.736019134521484375e-04
1.237392425537109375e-04
2.627525329589843750e-01
1.256465911865234375e-04
7.128715515136718750e-05
2.332468032836914062e-01
1.429319381713867188e-04
2.196788787841796875e-03
5.456094741821289062e-01
1.135826110839843750e-03
1.144409179687500000e-05
2.107191085815429688e-01
1.144409179687500000e-05
8.630752563476562500e-05
1.250262260437011719e-01
8.487701416015625000e-05
1.797676086425781250e-04
2.416467666625976562e-01
1.821517944335937500e-04
2.331733703613281250e-04
2.896876335144042969e-01
2.322196960449218750e-04
4.711151123046875000e-04
3.210449218750000000e-01
4.587173461914062500e-04
7.729530334472656250e-04
3.001599311828613281e-01
7.863044738769531250e-04
9.870529174804687500e-04
2.553465366363525391e-01
9.789466857910156250e-04
9.181499481201171875e-04
2.299804687500000000e-01
9.322166442871093750e-04
6.763935089111328125e-04
2.803628444671630859e-01
6.649494171142578125e-04
4.479885101318359375e-04
2.555770874023437500e-01
4.541873931884765625e-04
4.568099975585937500e-04
2.079873085021972656e-01
4.477500915527343750e-04
3.910064697265625000e-04
1.983206272125244141e-01
3.957748413085937500e-04
7.867813110351562500e-05
2.897629737854003906e-01
1.583099365234375000e-04
3.581905364990234375e-02
5.792689323425292969e-01
1.797533035278320312e-02
1.521110534667968750e-04
3.839273452758789062e-01
1.535415649414062500e-04
2.956390380859375000e-05
2.655348777770996094e-01
2.908706665039062500e-05
1.196861267089843750e-04
3.404607772827148438e-01
1.163482666015625000e-04
1.275062561035156250e-03
2.753658294677734375e-01
1.265048980712890625e-03
1.843452453613281250e-03
3.448786735534667969e-01
1.880168914794921875e-03
1.232624053955078125e-03
3.531279563903808594e-01
1.260280609130859375e-03
8.716583251953125000e-04
3.302388191223144531e-01
8.649826049804687500e-04
7.882118225097656250e-04
2.457041740417480469e-01
7.703304290771484375e-04
6.937980651855468750e-04
2.434139251708984375e-01
7.114410400390625000e-04
5.402565002441406250e-04
2.584984302520751953e-01
5.238056182861328125e-04
3.674030303955078125e-04
2.393803596496582031e-01
3.733634948730468750e-04
2.660751342773437500e-04
2.309305667877197266e-01
2.698898315429687500e-04
1.418590545654296875e-04
2.596633434295654297e-01
2.877712249755859375e-04
5.536270141601562500e-02
7.327651977539062500e-01
2.800846099853515625e-02
1.250886917114257812e-02
5.096211433410644531e-01
1.243305206298828125e-02
3.574848175048828125e-03
4.059176445007324219e-01
3.575801849365234375e-03
2.994060516357421875e-03
3.798952102661132812e-01
2.979755401611328125e-03
2.517700195312500000e-03
2.892785072326660156e-01
2.444744110107421875e-03
7.529258728027343750e-04
5.085039138793945312e-01
7.939338684082031250e-04
6.718635559082031250e-04
5.086927413940429688e-01
6.670951843261718750e-04
7.786750793457031250e-04
2.641024589538574219e-01
7.696151733398437500e-04
7.176399230957031250e-04
2.969133853912353516e-01
7.166862487792968750e-04
6.825923919677734375e-04
2.874188423156738281e-01
6.759166717529296875e-04
6.468296051025390625e-04
2.537043094635009766e-01
6.313323974609375000e-04
4.820823669433593750e-04
4.004333019256591797e-01
4.985332489013671875e-04
3.802776336669921875e-04
4.034583568572998047e-01
3.869533538818359375e-04
3.814697265625000000e-04
2.292068004608154297e-01
7.395744323730468750e-04
7.494449615478515625e-02
9.893097877502441406e-01
3.643035888671875000e-02
5.687236785888671875e-03
7.029480934143066406e-01
5.906105041503906250e-03
5.216121673583984375e-03
4.871015548706054688e-01
5.231380462646484375e-03
2.709388732910156250e-03
4.301190376281738281e-01
2.692222595214843750e-03
1.137256622314453125e-03
5.001969337463378906e-01
1.152038574218750000e-03
1.401424407958984375e-03
5.133190155029296875e-01
1.385211944580078125e-03
2.231597900390625000e-03
4.827065467834472656e-01
2.243995666503906250e-03
2.909660339355468750e-03
4.804158210754394531e-01
2.804279327392578125e-03
3.593921661376953125e-03
4.423291683197021484e-01
3.696441650390625000e-03
4.058837890625000000e-03
3.114731311798095703e-01
4.055976867675781250e-03
4.089832305908203125e-03
3.724699020385742188e-01
4.009246826171875000e-03
4.139900207519531250e-03
3.822875022888183594e-01
4.238605499267578125e-03
3.992795944213867188e-03
3.615536689758300781e-01
3.989934921264648438e-03
2.031803131103515625e-03
3.428819179534912109e-01
4.109144210815429688e-03
4.946327209472656250e-02
5.637331008911132812e-01
2.465248107910156250e-02
1.743412017822265625e-02
6.794590950012207031e-01
1.724004745483398438e-02
1.012611389160156250e-02
6.499848365783691406e-01
1.054191589355468750e-02
1.014614105224609375e-02
4.891200065612792969e-01
9.914875030517578125e-03
9.693145751953125000e-03
4.585666656494140625e-01
9.415626525878906250e-03
9.027481079101562500e-03
4.314913749694824219e-01
9.289741516113281250e-03
8.259773254394531250e-03
4.823489189147949219e-01
8.187294006347656250e-03
7.328510284423828125e-03
4.691562652587890625e-01
7.322311401367187500e-03
6.464004516601562500e-03
4.923219680786132812e-01
6.669521331787109375e-03
6.282329559326171875e-03
4.876897335052490234e-01
6.186008453369140625e-03
6.142854690551757812e-03
4.725461006164550781e-01
6.018400192260742188e-03
5.139827728271484375e-03
5.818259716033935547e-01
5.390167236328125000e-03
2.029418945312500000e-03
4.823658466339111328e-01
1.953363418579101562e-03
2.015352249145507812e-03
3.567289113998413086e-01
4.042625427246093750e-03
2.726554870605468750e-02
5.676326751708984375e-01
1.360034942626953125e-02
1.358318328857421875e-02
5.479001998901367188e-01
1.350450515747070312e-02
1.331043243408203125e-02
5.401129722595214844e-01
1.323413848876953125e-02
1.235675811767578125e-02
6.894354820251464844e-01
1.264810562133789062e-02
1.238536834716796875e-02
6.851100921630859375e-01
1.224613189697265625e-02
1.224231719970703125e-02
4.616150856018066406e-01
1.249933242797851562e-02
1.210260391235351562e-02
4.620041847229003906e-01
1.202011108398437500e-02
1.187181472778320312e-02
4.383063316345214844e-01
1.159763336181640625e-02
1.116037368774414062e-02
4.439518451690673828e-01
1.120591163635253906e-02
9.925127029418945312e-03
4.749634265899658203e-01
9.832859039306640625e-03
5.384922027587890625e-03
6.953928470611572266e-01
5.493402481079101562e-03
5.156993865966796875e-03
6.881959438323974609e-01
5.118131637573242188e-03
8.374452590942382812e-03
4.205338954925537109e-01
8.387207984924316406e-03
7.678866386413574219e-03
4.061061143875122070e-01
1.509797573089599609e-02
2.497482299804687500e-02
6.693944931030273438e-01
1.204013824462890625e-02
1.205921173095703125e-02
6.837244033813476562e-01
1.243352890014648438e-02
1.256513595581054688e-02
6.383485794067382812e-01
1.234149932861328125e-02
1.286983489990234375e-02
6.338057518005371094e-01
1.282835006713867188e-02
1.307678222656250000e-02
5.957279205322265625e-01
1.290988922119140625e-02
1.297330856323242188e-02
5.949745178222656250e-01
1.302576065063476562e-02
1.352024078369140625e-02
4.079651832580566406e-01
1.346254348754882812e-02
1.365947723388671875e-02
4.862356185913085938e-01
1.406669616699218750e-02
1.447010040283203125e-02
5.080273151397705078e-01
1.380562782287597656e-02
1.492643356323242188e-02
5.624492168426513672e-01
1.626014709472656250e-02
2.013397216796875000e-02
5.633378028869628906e-01
1.930427551269531250e-02
1.643443107604980469e-02
5.789645910263061523e-01
1.637005805969238281e-02
1.424741744995117188e-02
5.549290180206298828e-01
1.407575607299804688e-02
1.191747188568115234e-02
5.259019136428833008e-01
2.408355474472045898e-02
6.381416320800781250e-02
5.860338211059570312e-01
3.134441375732421875e-02
3.133964538574218750e-02
6.881065368652343750e-01
3.195095062255859375e-02
3.195428848266601562e-02
6.908297538757324219e-01
3.180932998657226562e-02
3.183937072753906250e-02
4.929060935974121094e-01
3.192186355590820312e-02
3.192329406738281250e-02
5.403070449829101562e-01
3.160858154296875000e-02
3.160667419433593750e-02
5.447921752929687500e-01
3.194236755371093750e-02
3.193807601928710938e-02
5.097289085388183594e-01
3.207731246948242188e-02
3.211116790771484375e-02
5.156400203704833984e-01
3.225874900817871094e-02
3.236508369445800781e-02
4.987936019897460938e-01
3.154468536376953125e-02
3.170490264892578125e-02
6.387846469879150391e-01
3.228855133056640625e-02
3.316688537597656250e-02
6.487143039703369141e-01
3.318846225738525391e-02
3.728640079498291016e-02
4.994114637374877930e-01
3.710901737213134766e-02
3.958523273468017578e-02
5.555437207221984863e-01
3.948283195495605469e-02
4.430389404296875000e-02
5.680465698242187500e-01
8.889511227607727051e-02
0.000000000000000000e+00
-2.380919456481933594e-02
-3.812551498413085938e-02
-1.978023052215576172e-01
-2.438127994537353516e-01
-1.218080520629882812e-01
-1.661460399627685547e-01
-2.800354957580566406e-01
-1.573812961578369141e-01
-5.415391921997070312e-02
-1.617075204849243164e-01
-2.932173013687133789e-01
-3.204733729362487793e-01
-3.808001577854156494e-01
-4.649953544139862061e-01
0.000000000000000000e+00
-1.855301856994628906e-02
-2.215850353240966797e-01
-2.679774761199951172e-01
-2.716741561889648438e-01
-2.325921058654785156e-01
-2.215614318847656250e-01
-1.998791694641113281e-01
-1.923041343688964844e-01
-1.976317167282104492e-01
-2.774722576141357422e-01
-3.241471052169799805e-01
-3.059736490249633789e-01
-3.171606659889221191e-01
-3.785885870456695557e-01
0.000000000000000000e+00
-1.274645328521728516e-01
-2.876179218292236328e-01
-3.061401844024658203e-01
-2.449762821197509766e-01
-2.141923904418945312e-01
-1.944096088409423828e-01
-1.626882553100585938e-01
-1.824650764465332031e-01
-2.163491249084472656e-01
-2.310355901718139648e-01
-2.429794073104858398e-01
-2.437094449996948242e-01
-2.465052604675292969e-01
-2.683176994323730469e-01
0.000000000000000000e+00
-3.438663482666015625e-01
-3.298630714416503906e-01
-3.066108226776123047e-01
-2.632582187652587891e-01
-2.198972702026367188e-01
-2.148303985595703125e-01
-1.851000785827636719e-01
-1.913213729858398438e-01
-2.242608070373535156e-01
-2.443249225616455078e-01
-2.045724391937255859e-01
-2.084643840789794922e-01
-2.357771396636962891e-01
-2.503253221511840820e-01
-6.820573806762695312e-01
-5.539157390594482422e-01
-4.280953407287597656e-01
-3.275883197784423828e-01
-2.550814151763916016e-01
-2.322824001312255859e-01
-1.956150531768798828e-01
-1.913969516754150391e-01
-2.118787765502929688e-01
-1.831541061401367188e-01
-1.287231445312500000e-01
-2.039256095886230469e-01
-2.086571455001831055e-01
-1.827534437179565430e-01
-2.104319334030151367e-01
-1.722254753112792969e+00
-1.098744392395019531e+00
-7.919557094573974609e-01
-6.113474369049072266e-01
-4.909529685974121094e-01
-4.512085914611816406e-01
-4.116742610931396484e-01
-4.396846294403076172e-01
-4.191105365753173828e-01
-4.010124206542968750e-01
-3.648829460144042969e-01
-3.580815792083740234e-01
-4.244945049285888672e-01
-4.274859428405761719e-01
-3.858847618103027344e-01
-1.676132202148437500e+00
-1.097199440002441406e+00
-7.928586006164550781e-01
-6.103005409240722656e-01
-4.910340309143066406e-01
-4.911031723022460938e-01
-4.401402473449707031e-01
-3.634557723999023438e-01
-3.599030971527099609e-01
-4.069972038269042969e-01
-4.162371158599853516e-01
-3.514351844787597656e-01
-3.484818935394287109e-01
-4.123764038085937500e-01
-3.558374643325805664e-01
-8.706898689270019531e-01
-7.865686416625976562e-01
-6.130776405334472656e-01
-4.726815223693847656e-01
-3.739933967590332031e-01
-3.862404823303222656e-01
-3.596129417419433594e-01
-3.057112693786621094e-01
-2.310483455657958984e-01
-2.156164646148681641e-01
-2.525014877319335938e-01
-2.494182586669921875e-01
-2.181890010833740234e-01
-1.858298778533935547e-01
-2.157368659973144531e-01
-9.982662200927734375e-01
-8.151931762695312500e-01
-6.648631095886230469e-01
-5.173883438110351562e-01
-4.722161293029785156e-01
-4.558811187744140625e-01
-2.944326400756835938e-01
-1.400218009948730469e-01
-2.063465118408203125e-01
-1.552615165710449219e-01
-1.113033294677734375e-01
-1.158833503723144531e-01
4.540944099426269531e-02
2.181684970855712891e-01
1.884033679962158203e-01
-1.050599575042724609e+00
-7.660512924194335938e-01
-5.860729217529296875e-01
-5.015921592712402344e-01
-4.519405364990234375e-01
-2.436952590942382812e-01
-2.376403808593750000e-01
-2.604899406433105469e-01
-4.001092910766601562e-02
1.112608909606933594e-01
1.420714855194091797e-01
2.676579952239990234e-01
2.569100856781005859e-01
2.222208976745605469e-01
3.409159183502197266e-01
0.000000000000000000e+00
-4.628357887268066406e-01
-4.632439613342285156e-01
-2.901401519775390625e-01
-2.164797782897949219e-01
-2.412905693054199219e-01
-3.075876235961914062e-01
-2.959737777709960938e-01
-2.982964515686035156e-01
-2.424604892730712891e-01
-6.189036369323730469e-02
4.224801063537597656e-02
2.439379692077636719e-01
3.607501983642578125e-01
3.745142221450805664e-01
0.000000000000000000e+00
-2.935028076171875000e-02
-1.684956550598144531e-01
-2.724909782409667969e-01
-6.723165512084960938e-02
1.648344993591308594e-01
2.013826370239257812e-01
1.887135505676269531e-01
1.666822433471679688e-01
1.275448799133300781e-01
1.221082210540771484e-01
3.436720371246337891e-01
4.497871398925781250e-01
4.007340669631958008e-01
4.668301343917846680e-01
0.000000000000000000e+00
9.791088104248046875e-02
2.311401367187500000e-01
3.277378082275390625e-01
2.728013992309570312e-01
1.847743988037109375e-01
3.193912506103515625e-01
2.682123184204101562e-01
3.203983306884765625e-01
3.903832435607910156e-01
4.892976284027099609e-01
3.858025074005126953e-01
2.991005182266235352e-01
4.450571537017822266e-01
5.780771374702453613e-01
0.000000000000000000e+00
-2.521705627441406250e-02
1.796293258666992188e-02
1.093010902404785156e-01
6.464481353759765625e-03
-1.141119003295898438e-02
-2.404356002807617188e-02
1.147527694702148438e-01
1.808009147644042969e-01
2.072012424468994141e-01
3.163435459136962891e-01
4.286371469497680664e-01
3.906749486923217773e-01
4.420345425605773926e-01
5.813772082328796387e-01
