4.255771636962890625e-05
1.370638608932495117e-01
2.133846282958984375e-05
1.680850982666015625e-05
4.209125041961669922e-02
1.674890518188476562e-05
1.478195190429687500e-05
2.604007720947265625e-02
1.484155654907226562e-05
1.120567321777343750e-05
2.325999736785888672e-02
1.114606857299804688e-05
5.841255187988281250e-06
1.494920253753662109e-02
6.079673767089843750e-06
1.192092895507812500e-06
6.884896755218505859e-02
1.132488250732421875e-06
6.556510925292968750e-07
3.888857364654541016e-02
6.556510925292968750e-07
2.086162567138671875e-06
3.238976001739501953e-03
2.086162567138671875e-06
1.847743988037109375e-06
6.113350391387939453e-03
1.847743988037109375e-06
4.768371582031250000e-07
3.531956672668457031e-02
4.768371582031250000e-07
1.788139343261718750e-07
1.272869110107421875e-02
2.384185791015625000e-07
2.384185791015625000e-07
1.877844333648681641e-03
2.980232238769531250e-07
2.384185791015625000e-07
2.136886119842529297e-03
2.980232238769531250e-07
1.788139343261718750e-07
1.596212387084960938e-03
2.980232238769531250e-07
1.585483551025390625e-05
5.648112297058105469e-02
7.808208465576171875e-06
7.927417755126953125e-06
1.162534952163696289e-02
7.987022399902343750e-06
3.874301910400390625e-06
4.740959405899047852e-02
3.814697265625000000e-06
3.695487976074218750e-06
3.947228193283081055e-02
3.576278686523437500e-06
7.152557373046875000e-06
1.050204038619995117e-02
7.271766662597656250e-06
9.238719940185546875e-06
1.413917541503906250e-02
9.059906005859375000e-06
7.152557373046875000e-06
8.978903293609619141e-03
7.331371307373046875e-06
3.397464752197265625e-06
2.920347452163696289e-02
3.457069396972656250e-06
1.907348632812500000e-06
2.286487817764282227e-02
1.907348632812500000e-06
1.668930053710937500e-06
1.889193058013916016e-02
1.728534698486328125e-06
1.788139343261718750e-06
7.084369659423828125e-03
1.847743988037109375e-06
1.847743988037109375e-06
3.699243068695068359e-03
1.847743988037109375e-06
1.251697540283203125e-06
3.168046474456787109e-03
1.251697540283203125e-06
5.960464477539062500e-07
2.615869045257568359e-03
1.192092895507812500e-06
1.078844070434570312e-05
1.088100671768188477e-02
5.304813385009765625e-06
3.874301910400390625e-06
2.341556549072265625e-02
3.933906555175781250e-06
5.543231964111328125e-06
3.167730569839477539e-02
5.364418029785156250e-06
5.424022674560546875e-06
2.192127704620361328e-02
5.364418029785156250e-06
4.291534423828125000e-06
2.064508199691772461e-02
4.351139068603515625e-06
4.708766937255859375e-06
1.051819324493408203e-02
4.708766937255859375e-06
4.351139068603515625e-06
9.352803230285644531e-03
4.291534423828125000e-06
3.039836883544921875e-06
2.319967746734619141e-02
3.099441528320312500e-06
2.503395080566406250e-06
2.079010009765625000e-02
2.503395080566406250e-06
3.218650817871093750e-06
6.877064704895019531e-03
3.218650817871093750e-06
2.682209014892578125e-06
4.783332347869873047e-03
2.801418304443359375e-06
1.966953277587890625e-06
9.419858455657958984e-03
1.847743988037109375e-06
1.370906829833984375e-06
5.200743675231933594e-03
1.311302185058593750e-06
7.152557373046875000e-07
2.372443675994873047e-03
1.430511474609375000e-06
1.609325408935546875e-06
5.827546119689941406e-03
8.344650268554687500e-07
2.384185791015625000e-07
1.909607648849487305e-02
2.384185791015625000e-07
4.172325134277343750e-07
2.940100431442260742e-02
4.172325134277343750e-07
4.172325134277343750e-06
1.837456226348876953e-02
4.112720489501953125e-06
4.708766937255859375e-06
1.964825391769409180e-02
4.589557647705078125e-06
3.278255462646484375e-06
1.149594783782958984e-02
3.397464752197265625e-06
3.397464752197265625e-06
1.275223493576049805e-02
3.337860107421875000e-06
3.337860107421875000e-06
1.811063289642333984e-02
3.337860107421875000e-06
2.861022949218750000e-06
1.559728384017944336e-02
2.801418304443359375e-06
2.562999725341796875e-06
6.364405155181884766e-03
2.503395080566406250e-06
2.562999725341796875e-06
5.010664463043212891e-03
2.503395080566406250e-06
1.490116119384765625e-06
1.077902317047119141e-02
1.549720764160156250e-06
5.364418029785156250e-07
6.347358226776123047e-03
4.768371582031250000e-07
2.384185791015625000e-07
2.501487731933593750e-03
4.768371582031250000e-07
2.384185791015625000e-06
5.264163017272949219e-03
1.192092895507812500e-06
2.026557922363281250e-06
1.274603605270385742e-02
1.966953277587890625e-06
2.861022949218750000e-06
1.577037572860717773e-02
2.801418304443359375e-06
2.980232238769531250e-06
2.552598714828491211e-02
2.980232238769531250e-06
2.682209014892578125e-06
2.448320388793945312e-02
2.622604370117187500e-06
3.933906555175781250e-06
8.029878139495849609e-03
3.874301910400390625e-06
3.397464752197265625e-06
1.642221212387084961e-02
3.337860107421875000e-06
3.516674041748046875e-06
1.477110385894775391e-02
3.516674041748046875e-06
4.708766937255859375e-06
9.660243988037109375e-03
4.768371582031250000e-06
3.397464752197265625e-06
5.076885223388671875e-03
3.516674041748046875e-06
5.364418029785156250e-07
8.886277675628662109e-03
5.960464477539062500e-07
9.536743164062500000e-07
1.186126470565795898e-02
9.536743164062500000e-07
1.072883605957031250e-06
5.006074905395507812e-03
1.132488250732421875e-06
3.576278686523437500e-07
2.526938915252685547e-03
6.556510925292968750e-07
4.231929779052734375e-06
5.801498889923095703e-03
2.145767211914062500e-06
4.053115844726562500e-06
7.600426673889160156e-03
4.112720489501953125e-06
4.172325134277343750e-06
7.121443748474121094e-03
4.172325134277343750e-06
1.013278961181640625e-06
3.209286928176879883e-02
1.072883605957031250e-06
7.748603820800781250e-07
2.438294887542724609e-02
7.748603820800781250e-07
1.788139343261718750e-07
9.656608104705810547e-03
1.788139343261718750e-07
2.980232238769531250e-07
1.732248067855834961e-02
2.980232238769531250e-07
1.490116119384765625e-06
9.904801845550537109e-03
1.549720764160156250e-06
8.344650268554687500e-07
1.148104667663574219e-02
7.748603820800781250e-07
6.556510925292968750e-07
7.759213447570800781e-03
7.152557373046875000e-07
1.430511474609375000e-06
3.781437873840332031e-03
1.430511474609375000e-06
2.384185791015625000e-07
1.340150833129882812e-02
1.788139343261718750e-07
1.192092895507812500e-07
6.204843521118164062e-03
5.960464477539062500e-08
3.576278686523437500e-07
1.484513282775878906e-03
7.152557373046875000e-07
5.364418029785156250e-07
1.110112667083740234e-02
2.384185791015625000e-07
1.072883605957031250e-06
3.418922424316406250e-03
1.132488250732421875e-06
9.536743164062500000e-07
2.624034881591796875e-03
1.013278961181640625e-06
4.768371582031250000e-07
2.778446674346923828e-02
4.768371582031250000e-07
4.768371582031250000e-07
3.039991855621337891e-02
5.364418029785156250e-07
1.370906829833984375e-06
8.309245109558105469e-03
1.370906829833984375e-06
1.788139343261718750e-06
3.664076328277587891e-03
1.907348632812500000e-06
1.251697540283203125e-06
7.850408554077148438e-03
1.251697540283203125e-06
5.960464477539062500e-07
1.403754949569702148e-02
5.960464477539062500e-07
6.556510925292968750e-07
1.277291774749755859e-02
6.258487701416015625e-07
1.013278961181640625e-06
2.019613981246948242e-03
1.013278961181640625e-06
1.013278961181640625e-06
2.639770507812500000e-03
9.834766387939453125e-07
4.470348358154296875e-07
8.436560630798339844e-03
4.470348358154296875e-07
2.980232238769531250e-07
6.075739860534667969e-03
5.662441253662109375e-07
1.192092895507812500e-07
6.129443645477294922e-03
5.960464477539062500e-08
1.788139343261718750e-07
1.564940810203552246e-02
1.788139343261718750e-07
1.221895217895507812e-06
3.636896610260009766e-03
1.192092895507812500e-06
1.817941665649414062e-06
1.718351244926452637e-02
1.847743988037109375e-06
1.192092895507812500e-06
1.823684573173522949e-02
1.162290573120117188e-06
1.281499862670898438e-06
1.559418439865112305e-02
1.251697540283203125e-06
2.056360244750976562e-06
1.079949736595153809e-02
2.086162567138671875e-06
2.771615982055664062e-06
6.118446588516235352e-03
2.741813659667968750e-06
2.712011337280273438e-06
4.229217767715454102e-03
2.741813659667968750e-06
2.115964889526367188e-06
9.951353073120117188e-03
2.056360244750976562e-06
1.728534698486328125e-06
8.189260959625244141e-03
1.758337020874023438e-06
1.698732376098632812e-06
3.895938396453857422e-03
1.668930053710937500e-06
1.311302185058593750e-06
2.879589796066284180e-03
1.311302185058593750e-06
2.980232238769531250e-07
1.261386275291442871e-02
5.662441253662109375e-07
8.642673492431640625e-07
3.257572650909423828e-03
4.470348358154296875e-07
1.490116119384765625e-07
1.355093717575073242e-02
1.788139343261718750e-07
1.192092895507812500e-07
8.211076259613037109e-03
1.192092895507812500e-07
3.874301910400390625e-07
2.329474687576293945e-02
3.874301910400390625e-07
2.145767211914062500e-06
4.969954490661621094e-03
2.145767211914062500e-06
2.771615982055664062e-06
1.142102479934692383e-02
2.861022949218750000e-06
2.354383468627929688e-06
1.631370186805725098e-02
2.413988113403320312e-06
1.668930053710937500e-06
1.259988546371459961e-02
1.639127731323242188e-06
2.115964889526367188e-06
5.090773105621337891e-03
2.056360244750976562e-06
2.264976501464843750e-06
5.665004253387451172e-03
2.324581146240234375e-06
1.937150955200195312e-06
8.305668830871582031e-03
1.877546310424804688e-06
1.728534698486328125e-06
7.691979408264160156e-03
1.758337020874023438e-06
1.221895217895507812e-06
6.578922271728515625e-03
1.221895217895507812e-06
5.662441253662109375e-07
8.639901876449584961e-03
1.102685928344726562e-06
8.642673492431640625e-07
8.527159690856933594e-03
4.470348358154296875e-07
1.519918441772460938e-06
8.204460144042968750e-03
1.519918441772460938e-06
1.877546310424804688e-06
9.542226791381835938e-03
1.847743988037109375e-06
2.235174179077148438e-06
9.761303663253784180e-03
2.235174179077148438e-06
1.728534698486328125e-06
2.570390701293945312e-03
1.698732376098632812e-06
3.278255462646484375e-07
2.285715937614440918e-02
3.576278686523437500e-07
2.980232238769531250e-07
2.679601311683654785e-02
2.980232238769531250e-07
1.668930053710937500e-06
5.404293537139892578e-03
1.639127731323242188e-06
1.698732376098632812e-06
9.594798088073730469e-03
1.698732376098632812e-06
1.519918441772460938e-06
7.780045270919799805e-03
1.490116119384765625e-06
1.579523086547851562e-06
5.254834890365600586e-03
1.549720764160156250e-06
5.662441253662109375e-07
1.772639155387878418e-02
5.960464477539062500e-07
2.980232238769531250e-07
1.239469647407531738e-02
2.980232238769531250e-07
5.960464477539062500e-07
2.403646707534790039e-03
1.192092895507812500e-06
1.788139343261718750e-07
4.484295845031738281e-03
5.960464477539062500e-08
2.384185791015625000e-07
1.373168826103210449e-02
2.384185791015625000e-07
1.072883605957031250e-06
1.027059555053710938e-02
1.072883605957031250e-06
9.536743164062500000e-07
9.088844060897827148e-03
9.834766387939453125e-07
2.682209014892578125e-07
1.292145252227783203e-02
2.682209014892578125e-07
3.278255462646484375e-07
1.465469598770141602e-02
3.278255462646484375e-07
8.344650268554687500e-07
1.757213473320007324e-02
8.642673492431640625e-07
1.013278961181640625e-06
1.640322804450988770e-02
9.834766387939453125e-07
2.354383468627929688e-06
1.753067970275878906e-02
2.443790435791015625e-06
4.827976226806640625e-06
6.002098321914672852e-03
4.857778549194335938e-06
5.424022674560546875e-06
1.587346196174621582e-02
5.334615707397460938e-06
6.169080734252929688e-06
1.876726746559143066e-02
6.303191184997558594e-06
4.366040229797363281e-06
1.114369928836822510e-02
4.366040229797363281e-06
1.713633537292480469e-06
6.546437740325927734e-03
3.457069396972656250e-06
1.192092895507812500e-06
2.828866243362426758e-03
5.960464477539062500e-07
6.258487701416015625e-07
1.218056678771972656e-02
6.258487701416015625e-07
6.258487701416015625e-07
1.508662104606628418e-02
6.556510925292968750e-07
2.205371856689453125e-06
1.173242926597595215e-02
2.145767211914062500e-06
3.516674041748046875e-06
1.301676034927368164e-02
3.427267074584960938e-06
3.576278686523437500e-06
9.254038333892822266e-03
3.695487976074218750e-06
2.920627593994140625e-06
1.648932695388793945e-02
2.920627593994140625e-06
2.562999725341796875e-06
1.366624236106872559e-02
2.562999725341796875e-06
2.056360244750976562e-06
1.567950844764709473e-02
2.115964889526367188e-06
1.728534698486328125e-06
1.415970921516418457e-02
1.698732376098632812e-06
2.771615982055664062e-06
1.904356479644775391e-02
2.741813659667968750e-06
1.370906829833984375e-06
3.198471665382385254e-02
1.445412635803222656e-06
5.662441253662109375e-07
1.379521191120147705e-02
5.364418029785156250e-07
8.791685104370117188e-07
4.084989428520202637e-03
1.758337020874023438e-06
1.072883605957031250e-06
4.857093095779418945e-03
5.364418029785156250e-07
1.341104507446289062e-06
9.804010391235351562e-03
1.341104507446289062e-06
1.579523086547851562e-06
1.058521866798400879e-02
1.549720764160156250e-06
6.258487701416015625e-07
1.758596301078796387e-02
6.556510925292968750e-07
7.450580596923828125e-07
2.277207374572753906e-02
7.748603820800781250e-07
2.682209014892578125e-06
7.976263761520385742e-03
2.771615982055664062e-06
3.546476364135742188e-06
1.137575507164001465e-02
3.546476364135742188e-06
4.321336746215820312e-06
1.055788993835449219e-02
4.231929779052734375e-06
4.440546035766601562e-06
1.167809963226318359e-02
4.440546035766601562e-06
3.546476364135742188e-06
1.525950431823730469e-02
3.516674041748046875e-06
7.152557373046875000e-07
4.358865320682525635e-02
7.450580596923828125e-07
7.599592208862304688e-07
4.711893200874328613e-02
7.450580596923828125e-07
3.874301910400390625e-06
1.016080379486083984e-02
3.889203071594238281e-06
3.352761268615722656e-06
8.159801363945007324e-03
6.601214408874511719e-06
3.278255462646484375e-07
4.582315683364868164e-03
1.490116119384765625e-07
4.470348358154296875e-07
1.291027665138244629e-02
4.470348358154296875e-07
8.642673492431640625e-07
1.760581135749816895e-02
8.344650268554687500e-07
7.450580596923828125e-07
1.344725489616394043e-02
7.450580596923828125e-07
1.311302185058593750e-06
1.614251732826232910e-02
1.281499862670898438e-06
1.609325408935546875e-06
1.865804195404052734e-02
1.609325408935546875e-06
3.427267074584960938e-06
4.735440015792846680e-03
3.427267074584960938e-06
3.635883331298828125e-06
1.245695352554321289e-02
3.755092620849609375e-06
4.023313522338867188e-06
1.871484518051147461e-02
3.814697265625000000e-06
5.483627319335937500e-06
3.444924950599670410e-02
5.975365638732910156e-06
7.465481758117675781e-06
4.615360498428344727e-02
7.167458534240722656e-06
5.036592483520507812e-06
4.006205499172210693e-02
5.021691322326660156e-06
4.723668098449707031e-06
3.424714505672454834e-02
4.671514034271240234e-06
4.649162292480468750e-06
2.855899930000305176e-02
9.395182132720947266e-06
1.460313796997070312e-06
3.461539745330810547e-03
7.152557373046875000e-07
1.281499862670898438e-06
1.428449153900146484e-02
1.281499862670898438e-06
2.056360244750976562e-06
2.484649419784545898e-02
2.026557922363281250e-06
3.963708877563476562e-06
6.664603948593139648e-03
3.963708877563476562e-06
4.827976226806640625e-06
1.388767361640930176e-02
4.768371582031250000e-06
5.245208740234375000e-06
1.536315679550170898e-02
5.304813385009765625e-06
5.275011062622070312e-06
1.078829169273376465e-02
5.304813385009765625e-06
6.228685379028320312e-06
1.362192630767822266e-02
6.258487701416015625e-06
7.390975952148437500e-06
1.368913054466247559e-02
7.182359695434570312e-06
7.539987564086914062e-06
4.901607334613800049e-02
7.659196853637695312e-06
1.029670238494873047e-05
6.775055825710296631e-02
1.031160354614257812e-05
1.680850982666015625e-05
2.565535157918930054e-02
1.672655344009399414e-05
2.057105302810668945e-05
4.951601475477218628e-02
2.051517367362976074e-05
2.714246511459350586e-05
6.163874268531799316e-02
5.445957140182144940e-05
1.406557559967041016e-01
6.003278493881225586e-02
2.954924106597900391e-02
5.089682340621948242e-02
6.709402799606323242e-02
6.264936923980712891e-02
7.955551147460937500e-03
-2.194094657897949219e-02
4.026234149932861328e-03
2.077788114547729492e-02
4.352688789367675781e-03
-1.288414001464843750e-03
5.361437797546386719e-04
1.569271087646484375e-03
2.590239048004150391e-03
8.185583353042602539e-02
3.624814748764038086e-02
4.803025722503662109e-02
3.230118751525878906e-02
1.475369930267333984e-02
2.489095926284790039e-02
2.126109600067138672e-02
2.162915468215942383e-02
1.562464237213134766e-02
1.355105638504028320e-02
1.539230346679687500e-03
-7.599592208862304688e-04
4.960775375366210938e-03
6.993651390075683594e-03
6.750583648681640625e-03
2.493602037429809570e-02
1.986891031265258789e-02
1.554208993911743164e-02
1.325571537017822266e-02
9.706497192382812500e-03
8.710324764251708984e-03
9.685337543487548828e-03
1.308286190032958984e-02
7.994353771209716797e-03
2.802193164825439453e-03
2.288162708282470703e-03
2.515077590942382812e-03
3.873467445373535156e-03
5.018413066864013672e-03
5.146026611328125000e-03
2.086442708969116211e-02
2.030217647552490234e-02
1.395565271377563477e-02
3.298521041870117188e-04
7.478952407836914062e-03
1.230990886688232422e-02
8.844971656799316406e-03
1.251494884490966797e-02
9.175777435302734375e-03
3.242552280426025391e-03
1.956880092620849609e-03
5.828559398651123047e-03
6.909668445587158203e-03
5.569577217102050781e-03
5.595326423645019531e-03
1.317298412322998047e-02
1.371312141418457031e-02
8.571684360504150391e-03
-7.456541061401367188e-05
6.488442420959472656e-03
6.384432315826416016e-03
8.003711700439453125e-03
8.897840976715087891e-03
4.027545452117919922e-03
5.840480327606201172e-03
8.517265319824218750e-03
3.414154052734375000e-03
4.952907562255859375e-03
6.149649620056152344e-03
5.107283592224121094e-03
1.074431538581848145e-01
1.127371788024902344e-01
1.085497140884399414e-01
1.040459275245666504e-01
9.973639249801635742e-02
1.057528257369995117e-01
1.044078469276428223e-01
9.075254201889038086e-02
8.869761228561401367e-02
9.125369787216186523e-02
9.626731276512145996e-02
9.450465440750122070e-02
8.374449610710144043e-02
8.597692847251892090e-02
9.056794643402099609e-02
9.325599670410156250e-02
8.828371763229370117e-02
1.005123555660247803e-01
1.015256643295288086e-01
9.092742204666137695e-02
7.876569032669067383e-02
8.605042099952697754e-02
9.318628907203674316e-02
9.145733714103698730e-02
8.165326714515686035e-02
7.883459329605102539e-02
8.500570058822631836e-02
8.626323938369750977e-02
8.070799708366394043e-02
8.724611997604370117e-02
3.236752748489379883e-02
2.949678897857666016e-02
2.739828824996948242e-02
3.197029232978820801e-02
3.807863593101501465e-02
2.481368184089660645e-02
2.064362168312072754e-02
2.615845203399658203e-02
3.263768553733825684e-02
3.349795937538146973e-02
2.921202778816223145e-02
2.932876348495483398e-02
3.312492370605468750e-02
3.682407736778259277e-02
3.285092115402221680e-02
4.258608818054199219e-02
4.785567522048950195e-02
4.251191020011901855e-02
4.384654760360717773e-02
3.031679987907409668e-02
2.791637182235717773e-02
3.934755921363830566e-02
4.982569813728332520e-02
4.263010621070861816e-02
4.713335633277893066e-02
4.924681782722473145e-02
4.619529843330383301e-02
5.622738599777221680e-02
6.204131245613098145e-02
5.580517649650573730e-02
3.583717346191406250e-02
3.179323673248291016e-02
3.731790184974670410e-02
3.804469108581542969e-02
3.736969828605651855e-02
4.771786928176879883e-02
3.951537609100341797e-02
3.029260039329528809e-02
4.129022359848022461e-02
4.922750592231750488e-02
4.745623469352722168e-02
5.808249115943908691e-02
5.913467705249786377e-02
5.789181590080261230e-02
6.203798949718475342e-02
1.015111804008483887e-02
8.497238159179687500e-03
6.946891546249389648e-03
1.176205277442932129e-02
1.440805196762084961e-02
1.450976729393005371e-02
9.115725755691528320e-03
8.037060499191284180e-03
5.303204059600830078e-03
3.451406955718994141e-03
1.160275936126708984e-02
1.476761698722839355e-02
2.797541022300720215e-02
3.061929345130920410e-02
2.815531194210052490e-02
1.207947731018066406e-02
1.410752534866333008e-02
1.173239946365356445e-02
7.232844829559326172e-03
1.308330893516540527e-02
2.283319830894470215e-02
2.155360579490661621e-02
1.644128561019897461e-02
1.333636045455932617e-02
9.339660406112670898e-03
1.044309139251708984e-02
3.498412668704986572e-02
5.011703073978424072e-02
4.648928344249725342e-02
5.057141184806823730e-02
9.668260812759399414e-03
9.392350912094116211e-03
1.249682903289794922e-02
1.951599121093750000e-02
1.537749171257019043e-02
8.749008178710937500e-03
1.942855119705200195e-02
1.278799772262573242e-02
1.468589901924133301e-02
2.172160148620605469e-02
4.091574251651763916e-02
4.349386692047119141e-02
3.644554316997528076e-02
6.053351610898971558e-02
8.093680441379547119e-02
4.675567150115966797e-03
3.556489944458007812e-03
4.932373762130737305e-03
1.217544078826904297e-02
5.399227142333984375e-03
3.151386976242065430e-03
-1.361668109893798828e-04
5.920410156250000000e-03
7.090479135513305664e-03
2.071499824523925781e-03
1.664206385612487793e-02
3.824499249458312988e-02
2.386176586151123047e-02
3.916232660412788391e-02
7.230962812900543213e-02
