-8.335249731317162514e-06
-1.322718709707260132e-01
-4.187226295471191406e-06
-4.932284355163574219e-06
-1.415993571281433105e-01
-4.887580871582031250e-06
-5.245208740234375000e-06
-4.884919524192810059e-02
-5.245208740234375000e-06
-4.082918167114257812e-06
-2.524733543395996094e-02
-4.082918167114257812e-06
-1.877546310424804688e-06
-9.447249770164489746e-02
-1.907348632812500000e-06
-1.192092895507812500e-06
-6.954473257064819336e-02
-1.192092895507812500e-06
-1.072883605957031250e-06
-1.137942075729370117e-02
-1.072883605957031250e-06
-4.768371582031250000e-07
-2.231258153915405273e-02
-4.768371582031250000e-07
-1.192092895507812500e-07
-5.997061729431152344e-03
-1.192092895507812500e-07
5.960464477539062500e-08
2.955198287963867188e-04
1.192092895507812500e-07
1.192092895507812500e-07
7.853269577026367188e-03
1.192092895507812500e-07
1.192092895507812500e-07
8.915126323699951172e-03
1.192092895507812500e-07
1.788139343261718750e-07
4.254996776580810547e-03
1.192092895507812500e-07
1.192092895507812500e-07
2.590060234069824219e-03
2.384185791015625000e-07
-9.811457130126655102e-05
-9.205380082130432129e-02
-5.072355270385742188e-05
-4.513561725616455078e-05
-1.603981554508209229e-01
-4.401803016662597656e-05
-2.914667129516601562e-05
-1.295255124568939209e-01
-2.950429916381835938e-05
-1.743435859680175781e-05
-5.667972564697265625e-02
-1.758337020874023438e-05
-1.046061515808105469e-05
-4.180470108985900879e-02
-1.025199890136718750e-05
-8.136034011840820312e-06
-3.684833645820617676e-02
-8.404254913330078125e-06
-1.788139343261718750e-06
-3.814792633056640625e-02
-1.728534698486328125e-06
-5.364418029785156250e-07
-1.082444190979003906e-02
-5.364418029785156250e-07
1.788139343261718750e-07
3.166556358337402344e-03
2.384185791015625000e-07
7.748603820800781250e-07
9.568095207214355469e-03
8.344650268554687500e-07
1.847743988037109375e-06
9.048342704772949219e-03
1.847743988037109375e-06
1.609325408935546875e-06
8.818864822387695312e-03
1.609325408935546875e-06
2.384185791015625000e-07
9.155094623565673828e-03
1.788139343261718750e-07
1.192092895507812500e-07
5.240440368652343750e-03
2.384185791015625000e-07
-2.044119173660874367e-04
-9.916971623897552490e-02
-1.056417822837829590e-04
-8.701533079147338867e-05
-1.749110519886016846e-01
-8.705258369445800781e-05
-4.714727401733398438e-05
-1.274657547473907471e-01
-4.577636718750000000e-05
-3.179907798767089844e-05
-5.086386203765869141e-02
-3.239512443542480469e-05
-1.704692840576171875e-05
-3.204268217086791992e-02
-1.662969589233398438e-05
-2.741813659667968750e-06
-4.262238740921020508e-02
-2.741813659667968750e-06
-1.549720764160156250e-06
-3.076696395874023438e-02
-1.549720764160156250e-06
-1.192092895507812500e-07
-9.855091571807861328e-03
-1.192092895507812500e-07
5.960464477539062500e-08
3.713011741638183594e-03
5.960464477539062500e-08
2.980232238769531250e-07
9.062647819519042969e-03
2.384185791015625000e-07
5.960464477539062500e-07
1.110303401947021484e-02
5.960464477539062500e-07
7.152557373046875000e-07
1.054328680038452148e-02
7.152557373046875000e-07
1.013278961181640625e-06
7.244586944580078125e-03
1.013278961181640625e-06
5.960464477539062500e-07
5.436003208160400391e-03
1.132488250732421875e-06
-3.602904325816780329e-05
-2.146916240453720093e-01
-1.886487007141113281e-05
-1.673400402069091797e-05
-2.244457006454467773e-01
-1.645088195800781250e-05
-3.710389137268066406e-05
-8.775442838668823242e-02
-3.784894943237304688e-05
-1.239776611328125000e-05
-4.464197158813476562e-02
-1.239776611328125000e-05
-7.212162017822265625e-06
-1.167541742324829102e-02
-7.152557373046875000e-06
-2.920627593994140625e-06
-4.245340824127197266e-03
-2.980232238769531250e-06
1.192092895507812500e-07
1.141428947448730469e-03
1.192092895507812500e-07
1.072883605957031250e-06
6.340324878692626953e-03
1.013278961181640625e-06
2.205371856689453125e-06
6.681501865386962891e-03
2.086162567138671875e-06
1.966953277587890625e-06
5.040943622589111328e-03
1.907348632812500000e-06
4.172325134277343750e-07
2.491712570190429688e-02
4.172325134277343750e-07
2.384185791015625000e-07
1.919019222259521484e-02
2.384185791015625000e-07
1.132488250732421875e-06
2.894937992095947266e-03
1.132488250732421875e-06
5.364418029785156250e-07
7.410168647766113281e-03
1.072883605957031250e-06
-3.086337121203541756e-03
-3.319456577301025391e-01
-1.532524824142456055e-03
-3.448128700256347656e-04
-2.389022409915924072e-01
-3.544688224792480469e-04
-4.118680953979492188e-05
-1.148894429206848145e-01
-4.035234451293945312e-05
-2.562999725341796875e-06
-1.156437397003173828e-02
-2.622604370117187500e-06
5.245208740234375000e-06
7.125496864318847656e-03
5.185604095458984375e-06
4.708766937255859375e-06
3.018695116043090820e-02
4.768371582031250000e-06
5.483627319335937500e-06
4.207378625869750977e-02
5.662441253662109375e-06
7.510185241699218750e-06
2.030962705612182617e-02
7.450580596923828125e-06
5.364418029785156250e-06
2.199625968933105469e-02
5.304813385009765625e-06
3.874301910400390625e-06
1.384013891220092773e-02
3.874301910400390625e-06
1.430511474609375000e-06
2.622753381729125977e-02
1.490116119384765625e-06
9.536743164062500000e-07
1.835775375366210938e-02
9.536743164062500000e-07
5.960464477539062500e-07
1.231604814529418945e-02
5.960464477539062500e-07
3.576278686523437500e-07
9.084820747375488281e-03
7.152557373046875000e-07
-6.128986552357673645e-02
-5.280857682228088379e-01
-3.106820583343505859e-02
-2.635121345520019531e-04
-1.564575433731079102e-01
-2.653598785400390625e-04
-5.364418029785156250e-07
-3.616219758987426758e-02
-5.364418029785156250e-07
5.364418029785156250e-07
3.548312187194824219e-02
5.364418029785156250e-07
1.502037048339843750e-05
3.361165523529052734e-02
1.502037048339843750e-05
9.179115295410156250e-06
4.916089773178100586e-02
9.238719940185546875e-06
3.695487976074218750e-06
5.649393796920776367e-02
3.576278686523437500e-06
2.503395080566406250e-06
3.485333919525146484e-02
2.503395080566406250e-06
3.695487976074218750e-06
2.459341287612915039e-02
3.755092620849609375e-06
2.861022949218750000e-06
1.905381679534912109e-02
2.861022949218750000e-06
3.218650817871093750e-06
2.149176597595214844e-02
3.278255462646484375e-06
2.443790435791015625e-06
1.775753498077392578e-02
2.443790435791015625e-06
8.344650268554687500e-07
1.451194286346435547e-02
8.940696716308593750e-07
4.768371582031250000e-07
9.879767894744873047e-03
1.013278961181640625e-06
6.011533737182617188e-02
6.526223421096801758e-01
3.084063529968261719e-02
6.926059722900390625e-05
1.764891147613525391e-01
6.794929504394531250e-05
1.347064971923828125e-05
8.551555871963500977e-02
1.370906829833984375e-05
5.596876144409179688e-05
6.902104616165161133e-02
5.608797073364257812e-05
2.115964889526367188e-05
1.022602319717407227e-01
2.062320709228515625e-05
1.722574234008789062e-05
8.657824993133544922e-02
1.728534698486328125e-05
1.341104507446289062e-05
6.497669219970703125e-02
1.341104507446289062e-05
6.735324859619140625e-06
5.559343099594116211e-02
6.854534149169921875e-06
7.748603820800781250e-07
4.696512222290039062e-02
7.748603820800781250e-07
4.768371582031250000e-07
2.375739812850952148e-02
4.172325134277343750e-07
2.026557922363281250e-06
1.783353090286254883e-02
1.966953277587890625e-06
2.086162567138671875e-06
2.108341455459594727e-02
2.145767211914062500e-06
1.966953277587890625e-06
1.199740171432495117e-02
1.937150955200195312e-06
6.556510925292968750e-07
1.278567314147949219e-02
1.341104507446289062e-06
8.681058883666992188e-03
3.490340709686279297e-01
4.387497901916503906e-03
1.529097557067871094e-03
2.512515783309936523e-01
1.475095748901367188e-03
3.896951675415039062e-04
1.767216920852661133e-01
4.068613052368164062e-04
1.060962677001953125e-04
1.874214410781860352e-01
1.015663146972656250e-04
3.767013549804687500e-05
1.232721209526062012e-01
3.850460052490234375e-05
4.172325134277343750e-06
1.403864622116088867e-01
4.231929779052734375e-06
1.847743988037109375e-06
9.969907999038696289e-02
1.907348632812500000e-06
4.589557647705078125e-06
7.365489006042480469e-02
4.529953002929687500e-06
1.168251037597656250e-05
2.781426906585693359e-02
1.156330108642578125e-05
1.144409179687500000e-05
1.362383365631103516e-02
1.144409179687500000e-05
4.589557647705078125e-06
2.594876289367675781e-02
4.649162292480468750e-06
4.768371582031250000e-06
2.663844823837280273e-02
4.649162292480468750e-06
4.261732101440429688e-06
1.815560460090637207e-02
4.291534423828125000e-06
2.712011337280273438e-06
1.107782125473022461e-02
5.334615707397460938e-06
7.106375694274902344e-02
5.348936319351196289e-01
3.534841537475585938e-02
1.823902130126953125e-05
2.058945894241333008e-01
1.835823059082031250e-05
2.980232238769531250e-06
1.015976667404174805e-01
2.861022949218750000e-06
3.099441528320312500e-05
1.201986670494079590e-01
3.093481063842773438e-05
2.914667129516601562e-05
8.849179744720458984e-02
2.902746200561523438e-05
2.306699752807617188e-05
8.783990144729614258e-02
2.384185791015625000e-05
1.537799835205078125e-05
9.751635789871215820e-02
1.460313796997070312e-05
1.060962677001953125e-05
6.823986768722534180e-02
1.072883605957031250e-05
4.589557647705078125e-06
4.024338722229003906e-02
4.529953002929687500e-06
3.516674041748046875e-06
2.811586856842041016e-02
3.457069396972656250e-06
6.616115570068359375e-06
1.036483049392700195e-02
6.616115570068359375e-06
1.728534698486328125e-06
2.962744235992431641e-02
1.758337020874023438e-06
1.162290573120117188e-06
2.346810698509216309e-02
1.192092895507812500e-06
9.834766387939453125e-07
1.335209608078002930e-02
1.996755599975585938e-06
-7.153189182281494141e-02
-6.579853296279907227e-01
-3.557866811752319336e-02
-2.831220626831054688e-05
-1.223165988922119141e-01
-2.849102020263671875e-05
7.152557373046875000e-07
9.612560272216796875e-03
6.556510925292968750e-07
5.900859832763671875e-06
6.303018331527709961e-02
5.900859832763671875e-06
1.686811447143554688e-05
5.907183885574340820e-02
1.668930053710937500e-05
2.163648605346679688e-05
3.503304719924926758e-02
2.199411392211914062e-05
1.358985900878906250e-05
7.826799154281616211e-02
1.347064971923828125e-05
1.037120819091796875e-05
6.849539279937744141e-02
1.060962677001953125e-05
1.132488250732421875e-05
3.833210468292236328e-02
1.102685928344726562e-05
9.775161743164062500e-06
3.353995084762573242e-02
9.894371032714843750e-06
9.298324584960937500e-06
1.914697885513305664e-02
9.089708328247070312e-06
8.463859558105468750e-06
1.633933186531066895e-02
8.434057235717773438e-06
2.980232238769531250e-06
3.003636002540588379e-02
3.039836883544921875e-06
1.609325408935546875e-06
2.011829614639282227e-02
3.278255462646484375e-06
-3.286189399659633636e-03
-3.854708671569824219e-01
-1.627355813980102539e-03
-4.470348358154296875e-04
-1.858085691928863525e-01
-4.293918609619140625e-04
-4.911422729492187500e-05
-8.522337675094604492e-02
-5.203485488891601562e-05
-1.728534698486328125e-06
-8.860945701599121094e-03
-1.788139343261718750e-06
6.079673767089843750e-06
3.118056058883666992e-02
6.139278411865234375e-06
1.162290573120117188e-05
1.589244604110717773e-02
1.108646392822265625e-05
1.293420791625976562e-05
3.282946348190307617e-02
1.311302185058593750e-05
9.536743164062500000e-06
4.116237163543701172e-02
9.477138519287109375e-06
4.708766937255859375e-06
5.132070183753967285e-02
4.708766937255859375e-06
4.291534423828125000e-06
3.803721070289611816e-02
4.112720489501953125e-06
3.755092620849609375e-06
3.306025266647338867e-02
3.874301910400390625e-06
3.278255462646484375e-06
2.556830644607543945e-02
3.248453140258789062e-06
3.248453140258789062e-06
1.544243097305297852e-02
3.278255462646484375e-06
1.132488250732421875e-06
3.131502866744995117e-02
2.264976501464843750e-06
-7.188192103058099747e-04
-1.641454696655273438e-01
-3.627687692642211914e-04
-1.951158046722412109e-04
-1.944547593593597412e-01
-1.918077468872070312e-04
-6.139278411865234375e-05
-1.250964105129241943e-01
-6.234645843505859375e-05
-6.526708602905273438e-06
-6.281518936157226562e-02
-6.437301635742187500e-06
2.384185791015625000e-07
2.832293510437011719e-03
2.384185791015625000e-07
2.861022949218750000e-06
4.809617996215820312e-03
2.861022949218750000e-06
6.675720214843750000e-06
1.371169090270996094e-02
6.616115570068359375e-06
6.318092346191406250e-06
2.863937616348266602e-02
6.377696990966796875e-06
6.914138793945312500e-06
3.485050797462463379e-02
6.943941116333007812e-06
7.182359695434570312e-06
4.182398319244384766e-02
7.212162017822265625e-06
5.781650543212890625e-06
4.680073261260986328e-02
5.781650543212890625e-06
3.278255462646484375e-06
3.093233704566955566e-02
3.308057785034179688e-06
3.516674041748046875e-06
1.362910866737365723e-02
3.486871719360351562e-06
8.046627044677734375e-07
3.571113944053649902e-02
1.579523086547851562e-06
-3.372979335836134851e-05
-1.238358095288276672e-01
-1.677125692367553711e-05
-1.722574234008789062e-05
-1.296432018280029297e-01
-1.743435859680175781e-05
-1.057982444763183594e-05
-1.137490272521972656e-01
-1.078844070434570312e-05
-8.910894393920898438e-06
-5.914875864982604980e-02
-8.523464202880859375e-06
-4.023313522338867188e-06
-2.077758312225341797e-02
-4.172325134277343750e-06
-2.622604370117187500e-06
-1.388520002365112305e-02
-2.562999725341796875e-06
2.473592758178710938e-06
1.076486706733703613e-02
2.443790435791015625e-06
5.215406417846679688e-06
9.937047958374023438e-03
5.334615707397460938e-06
4.827976226806640625e-06
1.781019568443298340e-02
4.798173904418945312e-06
1.698732376098632812e-06
5.774155259132385254e-02
1.728534698486328125e-06
2.235174179077148438e-06
6.571689248085021973e-02
2.175569534301757812e-06
4.589557647705078125e-06
2.238848805427551270e-02
4.649162292480468750e-06
3.308057785034179688e-06
2.609431743621826172e-02
3.308057785034179688e-06
4.202127456665039062e-06
3.108020126819610596e-02
8.329749107360839844e-06
-1.262640143977478147e-04
-8.020380884408950806e-02
-6.472319364547729492e-05
-5.982816219329833984e-05
-9.278620034456253052e-02
-5.891919136047363281e-05
-5.297362804412841797e-05
-8.311605453491210938e-02
-5.328655242919921875e-05
-3.486871719360351562e-05
-6.237900257110595703e-02
-3.492832183837890625e-05
-1.442432403564453125e-05
-3.790733218193054199e-02
-1.412630081176757812e-05
-2.533197402954101562e-06
-5.479478836059570312e-02
-2.592802047729492188e-06
1.013278961181640625e-06
2.131679654121398926e-02
9.536743164062500000e-07
5.602836608886718750e-06
8.955955505371093750e-03
5.781650543212890625e-06
1.111626625061035156e-05
1.838615536689758301e-02
1.078844070434570312e-05
1.680850982666015625e-05
5.008363723754882812e-02
1.740455627441406250e-05
2.005696296691894531e-05
7.431204617023468018e-02
2.044439315795898438e-05
2.355873584747314453e-05
3.354085981845855713e-02
2.294778823852539062e-05
2.618134021759033203e-05
2.753253281116485596e-02
2.562999725341796875e-05
1.837313175201416016e-05
4.799304902553558350e-02
3.705918788909912109e-05
-2.347500958421733230e-05
-7.838895171880722046e-02
-1.195073127746582031e-05
-1.171231269836425781e-05
-5.140940845012664795e-02
-1.138448715209960938e-05
-5.766749382019042969e-06
-1.058838814496994019e-01
-5.826354026794433594e-06
-3.322958946228027344e-06
-8.925518393516540527e-02
-3.427267074584960938e-06
-4.142522811889648438e-06
-1.123571395874023438e-02
-4.142522811889648438e-06
-1.579523086547851562e-06
-5.636268854141235352e-02
-1.519918441772460938e-06
7.450580596923828125e-07
2.552744746208190918e-02
7.748603820800781250e-07
3.576278686523437500e-06
3.204762935638427734e-03
3.606081008911132812e-06
5.722045898437500000e-06
1.215484738349914551e-02
5.900859832763671875e-06
7.301568984985351562e-06
6.831097602844238281e-02
7.033348083496093750e-06
1.063942909240722656e-05
8.127917349338531494e-02
1.074373722076416016e-05
1.539289951324462891e-05
4.581582546234130859e-02
1.552700996398925781e-05
2.214312553405761719e-05
7.341151684522628784e-02
2.277642488479614258e-05
4.076212644577026367e-05
8.266688138246536255e-02
8.000192610779777169e-05
0.000000000000000000e+00
4.008174687623977661e-02
2.120360732078552246e-02
-5.952087044715881348e-02
-9.098011255264282227e-02
-3.832924365997314453e-02
-5.647003650665283203e-03
-3.241688013076782227e-02
-2.092885971069335938e-02
-1.176458597183227539e-02
-2.490580081939697266e-03
-1.292049884796142578e-03
-1.385331153869628906e-03
3.514885902404785156e-03
6.165266036987304688e-03
0.000000000000000000e+00
-7.277131080627441406e-03
-2.187493443489074707e-02
-1.984944939613342285e-02
-1.406276226043701172e-02
-4.313707351684570312e-03
-1.007670164108276367e-02
-2.695322036743164062e-03
-1.725137233734130859e-03
-1.178979873657226562e-03
-1.685500144958496094e-03
3.666877746582031250e-04
2.089321613311767578e-03
1.804232597351074219e-04
3.773570060729980469e-04
0.000000000000000000e+00
-1.152667477726936340e-01
-1.646605134010314941e-01
-1.249312162399291992e-01
-1.186699271202087402e-01
-9.828335046768188477e-02
-5.990672111511230469e-02
-2.799499034881591797e-02
-1.179724931716918945e-02
-8.824586868286132812e-03
-1.284295320510864258e-02
9.707808494567871094e-04
9.616732597351074219e-03
5.267322063446044922e-03
7.241368293762207031e-03
0.000000000000000000e+00
-1.218179911375045776e-01
-1.369406282901763916e-01
-1.640822291374206543e-01
-1.309850215911865234e-01
-1.121593117713928223e-01
-7.771164178848266602e-02
-3.676837682723999023e-02
-2.278620004653930664e-02
-7.465064525604248047e-03
1.338005065917968750e-03
2.650499343872070312e-03
1.819491386413574219e-03
1.123952865600585938e-02
1.291364431381225586e-02
0.000000000000000000e+00
-2.838793098926544189e-01
-2.012642025947570801e-01
-1.224564909934997559e-01
-7.540273666381835938e-02
-4.889696836471557617e-02
-2.991408109664916992e-02
-1.549780368804931641e-02
-9.640455245971679688e-04
1.629889011383056641e-03
6.841540336608886719e-03
2.109348773956298828e-03
1.512110233306884766e-03
3.708541393280029297e-03
4.503905773162841797e-03
0.000000000000000000e+00
-6.359778642654418945e-01
-3.023651242256164551e-01
-1.806591153144836426e-01
-1.470102071762084961e-01
-7.834988832473754883e-02
-4.091644287109375000e-02
-3.241413831710815430e-02
-1.166546344757080078e-02
1.070034503936767578e-02
1.539909839630126953e-02
1.173835992813110352e-02
1.506358385086059570e-02
1.255121827125549316e-02
1.545763015747070312e-02
0.000000000000000000e+00
-3.814756870269775391e-01
-3.038462400436401367e-01
-2.118707299232482910e-01
-9.337472915649414062e-02
-7.232844829559326172e-02
-1.854634284973144531e-02
1.615297794342041016e-02
3.420996665954589844e-02
1.508080959320068359e-02
4.969239234924316406e-03
1.308971643447875977e-02
1.864993572235107422e-02
2.481278777122497559e-02
2.311098575592041016e-02
0.000000000000000000e+00
2.792031764984130859e-01
2.308785915374755859e-01
1.549638509750366211e-01
8.759534358978271484e-02
5.279701948165893555e-02
2.889633178710937500e-04
-1.867532730102539062e-03
-7.270336151123046875e-03
5.144655704498291016e-03
1.962077617645263672e-02
4.040837287902832031e-03
7.023900747299194336e-03
1.233020424842834473e-02
1.459941267967224121e-02
0.000000000000000000e+00
5.935983061790466309e-01
2.652937173843383789e-01
1.733041405677795410e-01
1.160855293273925781e-01
8.664095401763916016e-02
3.383082151412963867e-02
1.457953453063964844e-02
1.483470201492309570e-02
1.293665170669555664e-02
1.837342977523803711e-02
2.716073393821716309e-02
1.388603448867797852e-02
2.045795321464538574e-02
2.722606062889099121e-02
0.000000000000000000e+00
3.747114837169647217e-01
3.103998899459838867e-01
2.154614329338073730e-01
1.435549855232238770e-01
1.156423687934875488e-01
9.648084640502929688e-02
5.104130506515502930e-02
2.370631694793701172e-02
3.668197989463806152e-02
4.116797447204589844e-02
5.507048964500427246e-02
6.428909301757812500e-02
4.969567060470581055e-02
6.089091300964355469e-02
0.000000000000000000e+00
2.251573503017425537e-01
2.170006632804870605e-01
1.771050393581390381e-01
1.231413483619689941e-01
9.478133916854858398e-02
8.368152379989624023e-02
6.455099582672119141e-02
5.202168226242065430e-02
3.555592894554138184e-02
3.934869170188903809e-02
5.309310555458068848e-02
5.845719575881958008e-02
5.664435029029846191e-02
6.103944778442382812e-02
0.000000000000000000e+00
4.134074598550796509e-02
1.065045595169067383e-01
1.179543137550354004e-01
1.216162741184234619e-01
9.799772500991821289e-02
7.929199934005737305e-02
7.633680105209350586e-02
5.763232707977294922e-02
4.058778285980224609e-02
5.649438500404357910e-02
7.540339231491088867e-02
6.686219573020935059e-02
7.932701706886291504e-02
7.470622658729553223e-02
0.000000000000000000e+00
4.349151253700256348e-02
8.026443421840667725e-02
1.108125150203704834e-01
1.075299084186553955e-01
9.037980437278747559e-02
4.947027564048767090e-02
6.001925468444824219e-02
5.903899669647216797e-02
5.962723493576049805e-02
5.200010538101196289e-02
6.063134968280792236e-02
7.182098925113677979e-02
7.330439984798431396e-02
9.026014804840087891e-02
0.000000000000000000e+00
1.970417797565460205e-03
4.344286024570465088e-02
2.076970040798187256e-02
-6.043434143066406250e-03
2.064844965934753418e-02
1.908257603645324707e-02
2.329277992248535156e-02
1.753738522529602051e-02
1.129579544067382812e-02
2.950325608253479004e-02
3.645126521587371826e-02
4.871064424514770508e-02
9.458273649215698242e-02
1.293219029903411865e-01
