5.845135908955079174e-05
6.711000542288214632e-02
2.948982684680689914e-05
1.823269097855906296e-05
4.708432566175424494e-02
1.811182825517398953e-05
1.186289098076276360e-05
5.634512065673291659e-02
1.196009515902485276e-05
9.353633451336662574e-06
4.914415822809437007e-02
9.369818061655266206e-06
1.064706677100790699e-05
3.152017898833225917e-02
1.071667900343076241e-05
7.841838324806893468e-06
4.012218903568554040e-02
7.668396044491210262e-06
4.428124978805847434e-06
2.309655811045852047e-02
4.487220102045164083e-06
3.231945226889187950e-06
1.164295608398757675e-02
3.207760344015042620e-06
3.199346510163181279e-06
2.239250183646268599e-02
3.226250971488653363e-06
2.671740191528826358e-06
2.116924874836245696e-02
2.696803236168499041e-06
1.341950399469382660e-06
7.790743692719259705e-03
1.344299987104946581e-06
3.491138481637179325e-07
9.571315202209107476e-03
3.518120861301099467e-07
2.824567228998375867e-07
6.250449393751522642e-03
2.723898616663333883e-07
1.835250178494618467e-07
2.618934401298900205e-03
3.772832639636902741e-07
1.715563405035869238e-05
4.197188398939455389e-02
8.312758027373412517e-06
1.210742270640885465e-05
2.634078116626181743e-02
1.221985231991684628e-05
1.174200737519282001e-05
3.787637099205631852e-02
1.146764932136168369e-05
8.445574381843456990e-06
2.821478051420689415e-02
8.612269354335566618e-06
5.135405522271874190e-06
5.375565109692304055e-02
5.148699972368220301e-06
4.121495530418073372e-06
4.240311467594148898e-02
4.073224893930138535e-06
4.896061013393016026e-06
1.230549113629553215e-02
4.972333714547971795e-06
3.531086864794197311e-06
4.876891671748873058e-03
3.457091890979313575e-06
4.120331569268387284e-07
2.536402209686050568e-02
4.207610174722375973e-07
3.701301855008054531e-07
2.543739080221052440e-02
3.697295443139125837e-07
1.389545857821694597e-06
5.855469076611941048e-03
1.379404001577988481e-06
1.265902342839630990e-06
4.598736404626491137e-03
1.248267168629801915e-06
7.102132889569290342e-07
6.371031458986875506e-03
7.246015887307777348e-07
3.165131958748901297e-07
3.141668421667298539e-03
6.307104675196129051e-07
2.111500107426778072e-06
2.638274258623007906e-02
1.071703620514341537e-06
9.190292813432421326e-07
2.306509052250804714e-02
8.928859216439377633e-07
1.289263321990752331e-06
3.235547772101221575e-02
1.325242316108088403e-06
4.345435477226544663e-06
8.277507338240730483e-03
4.247535951518166542e-06
1.094802397294536433e-06
6.367527807256190275e-02
1.097886160872363348e-06
5.126232857088908190e-07
3.397508752143119093e-02
5.111834195936637570e-07
1.142390322561581684e-06
1.376026058272994401e-02
1.176046313000611576e-06
1.656819952899901693e-06
7.356617427820011379e-03
1.668417823785794951e-06
2.135679079029451088e-06
9.977897160958093536e-03
2.108091085362140404e-06
3.497070852898076510e-07
2.367095757443549164e-02
3.480827780455442166e-07
1.904782506167990164e-07
1.071821358667091051e-02
1.855727463917489217e-07
1.469646037643990155e-06
1.577148973658681896e-03
1.470589699237301318e-06
1.043647078868836786e-06
5.625622510959105149e-03
1.027191775970770493e-06
4.774124702233706330e-07
3.171657679552630782e-03
9.772399787166818896e-07
5.666036192897294654e-06
1.529746867279369038e-02
2.766432566247978286e-06
4.046218175401961048e-06
1.679086460273238046e-02
4.180938946718448790e-06
4.355441063252918354e-06
1.098372655623780503e-02
4.263770452039850056e-06
9.275581177581315728e-07
2.407540202689639752e-02
9.349748938403124043e-07
2.740718955895893316e-06
5.846704651672862685e-02
2.703357689815000242e-06
5.180358899403714190e-06
1.738828631346056586e-02
5.209175893639006460e-06
3.943182044996440538e-06
1.639321922971215262e-02
4.038599324407421420e-06
3.976243080017205500e-06
1.013989388892377885e-02
3.842858822489247927e-06
4.394229897841661625e-06
7.816160446264652784e-03
4.468053218742440436e-06
5.033260771836189917e-06
1.144040760968567660e-02
5.130975361367084986e-06
3.792419315473694041e-06
6.166131125129425961e-03
3.748545899351363175e-06
1.215292618206298414e-06
9.923978165679026020e-03
1.207143998649407024e-06
6.395979494921988362e-07
5.720992849967188043e-03
6.510199884735001774e-07
4.583869770424797707e-07
2.709150128402670887e-03
8.891798770616077263e-07
2.121126058463040920e-06
1.070306080806271432e-02
1.053901944492174891e-06
1.572414419115375495e-06
1.632568127899991506e-02
1.588593173229568833e-06
3.621298737765954456e-06
1.042611407316307304e-02
3.511666087585574303e-06
4.720949702274879201e-06
9.397347137009015583e-03
4.885478844696145018e-06
9.894294339396481064e-07
4.829920604164317233e-02
9.589400343790188685e-07
4.969859488390682145e-07
2.468706823997313116e-02
5.048012359232245672e-07
1.654437195908187164e-06
1.125877118447904390e-02
1.667771790558880696e-06
1.478671215915383641e-06
8.913719205989822925e-03
1.478993743364576119e-06
1.208624951343217901e-06
5.616487647545298501e-03
1.195346796767360331e-06
6.048030417593608377e-07
1.167731656036319343e-02
5.867043439966579399e-07
4.138987796942217301e-07
9.587496165999076503e-03
4.355921562337883302e-07
9.409259403847514136e-07
5.341613613720652687e-03
9.480500974268224468e-07
8.417560638518395422e-07
3.325919039773306274e-03
8.056875240303185137e-07
4.727011280181159236e-07
3.975377882283748221e-03
9.685595576680583463e-07
2.186851610574969129e-06
8.668807698413383278e-03
1.114125940393506653e-06
1.993773174446822338e-06
6.602896712692984948e-03
1.996417006822071016e-06
1.362221032308319479e-06
1.467883799365754527e-02
1.342669887716141375e-06
2.562860879629091926e-06
2.389346926747282218e-02
2.550688777525067508e-06
6.383281774047233625e-06
1.752731971168774994e-02
6.416528900321516460e-06
4.104048967112916557e-06
2.128332954694212020e-02
4.098709219135798776e-06
3.217935806265614929e-06
1.500573311049857583e-02
3.170597026147525810e-06
3.787200156590841971e-06
8.137647524550928324e-03
3.856291879600348693e-06
4.264781560125996407e-06
5.502448846585128450e-03
4.196409446377558083e-06
3.917172412659652991e-06
8.971237569616929974e-03
3.882432732971174971e-06
3.111860464533044990e-06
8.513665555516691796e-03
3.212560856002966148e-06
2.259277834260053908e-06
4.577754434986092136e-03
2.204749777523495879e-06
1.300893477051978664e-06
2.397138991514835560e-03
1.311797440228801293e-06
2.002524924771265091e-07
6.386506246599754633e-03
4.040737207056110947e-07
1.820814992670172217e-06
7.861975069438531527e-03
9.013132332702511462e-07
2.016909511737274840e-06
5.975762531319928073e-03
2.010806756769234482e-06
2.816909772218600949e-06
6.354653896883055708e-03
2.816301351016292642e-06
1.454083966012653661e-06
2.318880048964810925e-02
1.449390328644994952e-06
1.609497529475589772e-06
2.590773273294544321e-02
1.617505114737127769e-06
4.075674815307017695e-06
7.282685132107724613e-03
4.028657968335735973e-06
3.912813028139616733e-06
7.213694389312630406e-03
4.004487763720199212e-06
2.774538718219865530e-06
9.025035012143800550e-03
2.728495802850616769e-06
1.777811827752273643e-06
1.089181292664864742e-02
1.786267861403345591e-06
1.714123556095792367e-06
9.958894738162138438e-03
1.694721471490190368e-06
2.100423274087326320e-06
8.572440404204240139e-03
2.119428014424329376e-06
2.181270039924854132e-06
3.532493607194764351e-03
2.168650461431553822e-06
1.703148361897888208e-06
2.968795552681147143e-03
1.735558098125977722e-06
1.267453398345885773e-06
1.758450096551733566e-03
2.567043788870293497e-06
9.056086155423415107e-07
4.839102841577402891e-03
4.483033677615821944e-07
7.758653147726946031e-07
7.939167109349831719e-03
7.836549578144058614e-07
1.433240534587376658e-06
1.497040854706999102e-02
1.426696659145854085e-06
3.417132882654883019e-06
8.807518092489363681e-03
3.346787929348060686e-06
3.271012907979375939e-06
1.438216174253359458e-02
3.358754541049613351e-06
2.760198753892773027e-06
1.426586481942015983e-02
2.757784874907187600e-06
3.248163698676975741e-06
8.449197782246620214e-03
3.175492520934852791e-06
3.684528105396545072e-06
7.493938361298524420e-03
3.645092943593830626e-06
3.820612399230149947e-06
8.748471378338451565e-03
3.919512857053497612e-06
4.003321122270087074e-06
6.194007988353900096e-03
3.954608604694875851e-06
3.706914278756023862e-06
1.230520078360120007e-02
3.796192362348627114e-06
2.779312832101865638e-06
7.576293008126122608e-03
2.650873197174163920e-06
1.602505676712162597e-06
3.630295292947116614e-03
1.681997410574176399e-06
6.743137787035280439e-07
3.808008559692543926e-03
1.310439726398548999e-06
2.386758236605501793e-06
2.878078314247134450e-03
1.180515389442859941e-06
2.034363204228561983e-06
6.985451093820871371e-03
2.037434106094693220e-06
2.513318880459358695e-06
1.173558906510063782e-02
2.517120030742781012e-06
2.693219524840806400e-06
1.302447182149102378e-02
2.703154969085908021e-06
3.490244079307203151e-06
8.468466002533703296e-03
3.480424522805947163e-06
3.585618023937975352e-06
1.013425676538259879e-02
3.595734369699066235e-06
3.232261479468867549e-06
9.398761080540274371e-03
3.236478214763138794e-06
2.620887096793644844e-06
9.364970697294805468e-03
2.510172234071461617e-06
2.173657305926113281e-06
7.611470552365329212e-03
2.248046196529074336e-06
1.802508432180438547e-06
5.958487486664276744e-03
1.831694395049154878e-06
3.572094996462382710e-07
2.300915197171171656e-02
3.544146959799654439e-07
1.740168534825059510e-07
1.187427446451350121e-02
1.761620921358897363e-07
4.968038813113473395e-07
3.413830549962360017e-03
4.896911232066258890e-07
3.672063906834388547e-07
2.772243887475711599e-03
7.318785394949678391e-07
2.481700309697743023e-07
5.165384381793813873e-03
1.241122306039343925e-07
4.292279911499718992e-07
1.217732184672049023e-02
4.253146989041667325e-07
9.233119259155486702e-07
1.110930988004094067e-02
9.253186978863681134e-07
1.440059657076275812e-06
9.921188087301746616e-03
1.409801682672462420e-06
1.367825347209361553e-06
9.709795142845201177e-03
1.398398628116304110e-06
1.691288286365111304e-06
1.121291782579231233e-02
1.712947671206332956e-06
2.226816314288004861e-06
1.540195602227589777e-02
2.217015258820786983e-06
3.005674123868207204e-06
8.038914863674806455e-03
2.937399464386647452e-06
3.128358708415213130e-06
7.347553707656384603e-03
3.134387114744896508e-06
3.229884454003517646e-06
2.096784838228565873e-02
3.276282422193244059e-06
3.510131056649878900e-06
2.066403883892825588e-02
3.423086691545229598e-06
2.938349225600767056e-06
1.165014355875410024e-02
2.970397010193526199e-06
2.275751186886498800e-06
8.985968800291510572e-03
2.252625655563278428e-06
1.868741610122626184e-06
4.362354314583594128e-03
3.823424721216550637e-06
1.778999568213812665e-07
3.949810163249800610e-03
9.149375018724370534e-08
2.645170111281736069e-07
1.377081028424348430e-02
2.645745488250028643e-07
6.104089603775619821e-07
1.014366593372412195e-02
6.088202902931882932e-07
1.160218453588601761e-06
1.702937563216150307e-02
1.144856156487517040e-06
3.978538464011194264e-06
4.859758536197911205e-03
4.004169229798737462e-06
5.330231336364565919e-06
8.250552407683520162e-03
5.447650974488293940e-06
5.261365598696610135e-06
1.673598439658791071e-02
5.107388776182109069e-06
6.526377308024855495e-06
1.710728355192309147e-02
6.519442175834111453e-06
7.733395579745394599e-06
8.688625538677607896e-03
7.744918223806518398e-06
3.835283104991482617e-06
3.364489434691064762e-02
3.845931300150429166e-06
2.520623919921582967e-06
2.778840258103471017e-02
2.587181002489113979e-06
3.314160726963777392e-07
1.392311992771128049e-02
3.290209710238301000e-07
1.419458907081505572e-07
1.019099786966931598e-02
1.402305154774019513e-07
3.602283650816495708e-07
2.075759114509273529e-02
7.063411149865750360e-07
2.832989177969924555e-06
3.656924567303099227e-03
1.414006471578410640e-06
1.973466526805633947e-06
1.358935401835470458e-02
1.921760324097299133e-06
1.343530510844459513e-06
9.628337353575100455e-03
1.380588328769860595e-06
1.890881938415578389e-06
1.315897582728886572e-02
1.862700668819883276e-06
1.546525926099384662e-06
7.403245931087598652e-03
1.539560542329621029e-06
2.060622748656371073e-06
1.098385716692440450e-02
2.099878385730669095e-06
3.774776220988318443e-06
1.363029988788327929e-02
3.685264782726793698e-06
3.799671572379814677e-06
1.854471793880563268e-02
3.879194157951904032e-06
4.299922245543097432e-06
1.915910521885438866e-02
4.175361586589154683e-06
5.897082061723235569e-06
3.016271452141966458e-02
6.163453910690286364e-06
3.843313465423658926e-06
3.061422042687339529e-02
3.926623026784259451e-06
7.362016966439011156e-06
1.027851230935827864e-02
7.035555657286529652e-06
6.169742314043880071e-06
9.577134769919892765e-03
6.054885828998823882e-06
2.643445761285612150e-06
2.512862955679309729e-02
5.374408215907955366e-06
5.700659855278900068e-07
5.190430321244887679e-03
2.847298629093941713e-07
7.446115651843498995e-07
1.587801344243683355e-02
7.630069956965357392e-07
3.661906872731712781e-07
6.696177405014991368e-03
3.534591112019924708e-07
2.358469702090637554e-06
1.073690585298292532e-02
2.433817869074150764e-06
2.424196691219737687e-06
8.327491594819325105e-03
2.402722127592404888e-06
2.924909669965725101e-06
1.148541462641972100e-02
2.888810936796382123e-06
3.199614063698064115e-06
1.360635508307789232e-02
3.269978222697478287e-06
2.054175365917565443e-06
1.944907938094631028e-02
2.037728843606867457e-06
2.752320842180910887e-06
2.766846430300151649e-02
2.800866795382717100e-06
5.542720402096357191e-06
3.493951463954070302e-02
5.417396649387562491e-06
3.525866072495720260e-06
2.183788820509513506e-02
3.565733060206799365e-06
1.273343794461201384e-06
1.524993798451651505e-02
1.260460310681388307e-06
1.161381825598439832e-06
1.445363602243762702e-02
1.177356697384945861e-06
3.688916916100293264e-06
2.808014441855322119e-02
7.441382971484777897e-06
3.006540063021923004e-07
5.669406912898578010e-03
1.469808805776295912e-07
4.223914653045390821e-07
1.762710631565894692e-02
4.376320733578964450e-07
2.946319395014107556e-06
3.216925682579807599e-03
2.935294607209204543e-06
1.550707014075225487e-06
1.161440901931082292e-02
1.543579865315169997e-06
1.263921727889805169e-06
8.229770190017804410e-03
1.244632184593807978e-06
9.072116983754874298e-07
1.189039500195082644e-02
9.027604924716214896e-07
1.034632605034779829e-06
1.499376670665908406e-02
1.054004119094287262e-06
2.053008505698006303e-06
1.806689056923049819e-02
2.038341978483071415e-06
4.071947261041763966e-07
2.945814624849141250e-02
4.117429627248370139e-07
6.430252166844674377e-07
4.119731783318847373e-02
6.298004956439839930e-07
7.180937863171532598e-06
1.843087205763910275e-02
7.283838602822889641e-06
8.040322296065660623e-06
1.535314618094368866e-02
8.015920604009796335e-06
6.591068082706375009e-06
1.418826139907111705e-02
6.683933323786694913e-06
1.188361059695219879e-06
3.495466315581322037e-02
2.311699506180042718e-06
9.027042029985388183e-07
2.632426460969289339e-02
4.525073012406899409e-07
1.292725694157503824e-06
3.531785538996801144e-03
1.346141821623181301e-06
1.936734300378439855e-06
5.257325748921626296e-03
1.875101983461746613e-06
2.484355015708317183e-06
4.246405631898098054e-03
2.483284431198384823e-06
2.960563762810508592e-06
5.490721857154601260e-03
2.994813446122179812e-06
3.430374561685933799e-06
9.805258126167615274e-03
3.453039894407705646e-06
3.855933184693238758e-06
4.813564285988847224e-02
3.794993789496547976e-06
4.842888302936110279e-06
5.412225818204369210e-02
4.853376619373683809e-06
7.018503254241359457e-06
3.165009176921637635e-02
7.120503612095818724e-06
9.407927528293225095e-06
5.159469555601062241e-02
9.348169195982913848e-06
1.209300309479299784e-05
5.162344887406050686e-02
1.176464676250210672e-05
1.652173767519027336e-05
3.852900653237763262e-02
1.693839830596566287e-05
2.413480297323855606e-05
3.962376629354716351e-02
2.419816374375077794e-05
3.515757492682236585e-05
5.147021133733570286e-02
7.011574217153409747e-05
7.846025278125112745e-02
5.325965855390490944e-02
3.250409681420507457e-02
1.403473382008524339e-02
-6.896309501579045431e-03
1.532808296673193738e-02
1.760169309304293606e-02
6.811579168527037709e-03
4.606322947320329320e-05
3.011990686563770225e-03
7.275504056713955059e-03
5.340312140079461756e-03
3.695465860740210218e-04
4.910086196024954219e-04
1.014129055352475106e-03
5.819444092703640603e-02
4.258301433552214021e-02
3.928480833194503141e-02
3.374331990984247298e-02
1.379758186156887501e-02
2.370911742027126401e-02
1.527391935204192031e-02
1.672113884038395337e-02
1.919720165547600388e-02
3.814487695563584246e-03
2.048012397922072125e-03
6.908364009118650451e-03
3.887202644376253069e-03
3.142429720325634612e-03
3.172926406996512405e-03
5.688629580680382158e-02
4.580627115839863706e-02
3.953846048054210360e-02
1.817271402164488681e-02
3.396387827188340758e-02
2.875889810413767567e-02
1.218146262425479076e-02
1.482008461597084104e-02
1.760785494120042927e-02
1.545073673945918102e-02
3.229653220979233907e-03
-1.315264326344434131e-03
7.031047066555884406e-03
7.125637184647093392e-03
6.663022547902297532e-03
4.340275937344939550e-02
3.880309406796222937e-02
3.833284459469998851e-02
3.777374586493531528e-02
2.310343487058330592e-02
1.293209868832045917e-02
2.022149286722474404e-02
1.508238524960869853e-02
1.385134912973151611e-02
1.164521801964368830e-02
1.187315424157375787e-02
1.528782780816451137e-02
1.070492979562709390e-02
8.310212811083128592e-03
9.576534258795788013e-03
4.146100360328219825e-02
3.942687644318088047e-02
2.970492105946287431e-02
3.395321690605201947e-02
4.844484615762600921e-02
1.768381126887663690e-02
1.428727354684711237e-02
1.803730179671259037e-02
1.726591594235060700e-02
1.715793436064882993e-02
1.445846346766244128e-02
1.339010778756466458e-02
1.262882366040407600e-02
1.170100885947500391e-02
1.411130028931850688e-02
3.938142156595481058e-02
3.857401008765493078e-02
3.794691343236911152e-02
2.962565765579783239e-02
2.891877880261062295e-02
3.728961901583816019e-02
2.328887617560115864e-02
1.549836622237465988e-02
1.638361325245241140e-02
2.176808022119858244e-02
2.275134662962574605e-02
2.280801690828127004e-02
2.176264197337951511e-02
2.233512455008856978e-02
1.771029857101458216e-02
4.456992037133900020e-02
4.154567992723523506e-02
4.350661630926921930e-02
5.211959768552665295e-02
3.774217573488525268e-02
2.622000750927822033e-02
3.320060084743581275e-02
3.443461059579755457e-02
3.290534053148019833e-02
3.076617502873713050e-02
2.700583736362827114e-02
3.074188099837782406e-02
3.478676066483710194e-02
3.544810620173033389e-02
3.749581492118903014e-02
3.920907606869339368e-02
3.725026490300586968e-02
3.629906116451464548e-02
3.306641218426276119e-02
3.728199836694634506e-02
3.136864352809953793e-02
2.723869884282681397e-02
2.818830722459508831e-02
3.005714099887324409e-02
2.891682175114629327e-02
2.867697752255693455e-02
3.937413722822197260e-02
4.366703867752569357e-02
4.344827592645816861e-02
4.241162558566641261e-02
7.723665357996856162e-02
7.952076465615076639e-02
8.470941815443011613e-02
8.407995716108301876e-02
8.097412691373956362e-02
8.221125160942427401e-02
8.328613555339792196e-02
8.928730558701242215e-02
8.796206176764981288e-02
8.769998596526157320e-02
1.027122188249319223e-01
1.003733272857010306e-01
1.001547549472318055e-01
1.057304350793988879e-01
1.073251385879079312e-01
6.353672473386084985e-02
6.232104762676227150e-02
6.391421061315516461e-02
6.294793726546521473e-02
7.005558002359529857e-02
6.521075990066649286e-02
6.225576812891098211e-02
6.359572142602476497e-02
7.267119286016865409e-02
7.402148025917026919e-02
8.669970127132420323e-02
9.382223960060487311e-02
9.608996766036997927e-02
9.729075052931152046e-02
1.136813617629693907e-01
4.599063058291552597e-03
4.310155064287390925e-03
4.132064933689560959e-03
3.618241243129483031e-03
-2.507100537459949763e-04
2.287880719918311545e-03
5.014568097982730066e-03
1.905974875906935040e-03
3.338042309035949007e-03
1.380151895924131011e-02
1.032371845531759869e-02
1.315219843272608102e-02
9.521327949953084513e-03
8.919407301940518451e-03
1.329739699813800580e-02
1.958814003279851779e-03
3.488927557420529180e-03
5.775199373212636100e-03
2.841034955611387858e-03
4.200036862693767858e-04
1.345990182351486375e-03
1.849200861319177935e-03
1.824265607796471400e-03
2.725040088416341710e-03
1.123147707636890091e-02
1.600717677556900975e-02
7.230166216431244131e-03
1.218972812307089759e-02
1.705634348596857253e-02
2.001097079363908793e-02
5.557863483144354078e-04
1.034355779006568277e-03
2.782801057206463202e-03
-6.912887010249724185e-04
1.845164646111507878e-04
8.447669490330156350e-05
4.854533220184920062e-04
1.868483990037417275e-03
4.862946245962618264e-04
2.271242320137423221e-03
8.519358222446038464e-03
5.119715252323298049e-03
5.236445887545404521e-03
4.982007527062404240e-03
1.184889602500069361e-02
2.885612614960497702e-02
4.951189142301665180e-02
3.541834949033162427e-02
3.745667977895505985e-02
3.009054974410985128e-02
2.735494823454309721e-02
2.527488480102513257e-02
5.842232324450458147e-02
9.448329577175590410e-02
9.668856136165837611e-02
1.071034223554924725e-01
1.403053920453051773e-01
1.634986562898201878e-01
1.889692191496067375e-01
2.055865405876617091e-01
