3.263129617375024779e-10
3.263603185128983930e-10
3.263129617379513785e-10
1.830439273218186957e-10
1.828947064618160899e-10
1.830439273186618901e-10
1.459595461065419895e-10
1.460057703598617939e-10
1.459595461062430929e-10
1.422189430432020068e-10
1.422642348157940932e-10
1.422189430436000874e-10
1.471729599705151957e-10
1.471244788324243092e-10
1.471729599711192960e-10
1.369403368805279017e-10
1.369796868445443886e-10
1.369403368779619875e-10
1.444564385631564873e-10
1.444936543410519039e-10
1.444564385637186082e-10
1.622014282511010049e-10
1.622306537158038972e-10
1.622014282489803982e-10
1.608258151894359890e-10
1.608490525201739898e-10
1.608258151868035126e-10
1.254695273192514939e-10
1.254962883172864067e-10
1.254695273191882921e-10
1.108709453175466984e-10
1.108355985911488968e-10
1.108709453151590027e-10
9.478269388408919599e-11
9.480182668925345958e-11
9.478269388377976582e-11
5.670797118164942042e-11
5.666841960600342682e-11
5.670797118318729135e-11
5.823682559824399920e-11
5.825739618726681177e-11
5.823682559939322449e-11
4.213958726697598784e-10
4.214946759555346941e-10
4.213958726718033247e-10
3.452435184510650162e-10
3.453251483433045130e-10
3.452435184508370246e-10
2.447847966990436759e-10
2.446946132847893968e-10
2.447847966959440751e-10
1.352182425304232920e-10
1.352473462015069917e-10
1.352182425301841075e-10
1.014919809388435029e-10
1.015153513510355998e-10
1.014919809374672941e-10
1.025119524824834968e-10
1.025291627151787950e-10
1.025119524822409002e-10
8.362879565612527967e-11
8.364528700906745371e-11
8.362879565500354521e-11
4.433238256233433975e-11
4.434732556226464862e-11
4.433238256288668960e-11
3.246347104265478702e-11
3.244510536248865193e-11
3.246347104323157748e-11
6.058901303845164572e-11
6.060068020112474706e-11
6.058901304022561209e-11
5.889487888850805582e-11
5.890810610140573738e-11
5.889487888673748864e-11
5.715387440676943773e-11
5.716639806385822989e-11
5.715387440684244935e-11
6.600303870800755211e-11
6.600163782332421874e-11
6.600303870678933479e-11
3.988906392232931079e-11
3.989803962892382260e-11
3.988906392014497236e-11
1.438436846380709961e-11
1.438732038852709937e-11
1.438436846432964995e-11
1.413395158248146057e-11
1.413727839163932043e-11
1.413395157791452047e-11
7.761114599497001148e-11
7.762714538548625772e-11
7.761114599480404545e-11
1.507604698854448989e-10
1.507907383560393991e-10
1.507604698849603003e-10
1.412533574105376957e-10
1.412812672666837954e-10
1.412533574110807915e-10
1.082121485151956987e-10
1.082336748775671033e-10
1.082121485129080014e-10
6.579931909684793080e-11
6.580893040166898532e-11
6.579931909495749998e-11
5.291812324133506715e-11
5.293100151548074150e-11
5.291812324096540143e-11
3.243195590464602745e-11
3.244008626584058266e-11
3.243195590312426716e-11
1.858300039706307152e-11
1.857781463119500100e-11
1.858300039876565155e-11
1.878182181314741895e-11
1.878675156916489044e-11
1.878182181181475020e-11
2.878908384426086031e-11
2.879598338119420851e-11
2.878908384351723140e-11
6.231252537887417532e-11
6.231985147448804962e-11
6.231252538180841760e-11
7.538194889851658050e-11
7.539283732682061135e-11
7.538194889756667988e-11
1.926680002411028061e-10
1.927082646788657899e-10
1.926680002404334101e-10
2.827222659004368030e-10
2.827774020598021769e-10
2.827222659016937040e-10
2.075275503440667070e-10
2.075652090895690882e-10
2.075275503415726023e-10
1.843764349001369963e-10
1.844112897128549983e-10
1.843764348984203897e-10
1.732768091008129034e-10
1.733108404403980028e-10
1.732768091008010127e-10
1.541055583159930038e-10
1.541362486384060052e-10
1.541055583136502990e-10
1.315435127953545060e-10
1.315724723409714965e-10
1.315435127949143942e-10
1.254336083287108887e-10
1.254613397430327984e-10
1.254336083296093102e-10
1.332551968114801102e-10
1.332836128508991072e-10
1.332551968074136128e-10
1.243548187808004065e-10
1.243782818997573078e-10
1.243548187822420013e-10
1.223672314524712047e-10
1.223824371322179963e-10
1.223672314522300040e-10
1.075181750948535962e-10
1.075370475819453997e-10
1.075181750949071045e-10
7.333482370974348609e-11
7.335037982463518691e-11
7.333482370826700747e-11
5.412285022815561273e-11
5.413350806931312170e-11
5.412285022939209911e-11
3.464190997156096202e-11
3.464907159200350771e-11
3.464190997234560745e-11
5.096695518429867048e-11
5.097753825599210312e-11
5.096695518257222822e-11
9.890450854588328584e-11
9.891934299845033666e-11
9.890450854362090809e-11
6.718739369560363264e-11
6.719994601683234266e-11
6.718739369471469782e-11
3.107560510028529037e-11
3.107730172127650772e-11
3.107560510051913045e-11
3.454262176769197874e-11
3.454972385287405855e-11
3.454262176739834255e-11
8.794134229734049628e-11
8.795886400977121575e-11
8.794134229797097593e-11
9.221892890715608619e-11
9.223728704712316173e-11
9.221892890612491508e-11
6.511163968435466232e-11
6.512461421665736081e-11
6.511163968164826953e-11
6.003150624569310359e-11
6.003757871823502372e-11
6.003150624303588927e-11
4.871033685268889076e-11
4.871982050596480322e-11
4.871033685126656016e-11
5.705511198049978288e-11
5.706639866464192089e-11
5.705511198273974274e-11
6.426138767620359319e-11
6.427435564117041594e-11
6.426138767709662513e-11
4.887996240439901217e-11
4.888934708700468221e-11
4.887996240334126142e-11
1.502252882121016089e-11
1.502491164651018011e-11
1.502252882014890109e-11
2.784186977224417858e-11
2.784764815610934975e-11
2.784186977134365031e-11
5.238931146881625976e-11
5.239641819668504298e-11
5.238931146515424718e-11
5.960143897508652514e-11
5.961368678619844986e-11
5.960143897607699638e-11
8.070264919842660634e-11
8.070188000592808300e-11
8.070264919752478560e-11
7.878515777124245516e-11
7.879809978955417939e-11
7.878515776942406660e-11
2.350364614030326149e-11
2.350863734416266878e-11
2.350364613915856954e-11
2.481371758368362981e-11
2.481878467080552066e-11
2.481371758139534128e-11
5.286260246754638168e-11
5.287303866139530017e-11
5.286260246584383719e-11
4.880792674916705917e-11
4.881544812754917768e-11
4.880792674831715694e-11
3.745006228880070897e-11
3.745589309476590161e-11
3.745006228534757888e-11
2.012170416263989870e-11
2.012580465704246951e-11
2.012170416249386901e-11
2.827226799056499084e-11
2.827858499239982143e-11
2.827226799014884144e-11
7.077195769801469622e-11
7.077855684324948148e-11
7.077195769668179806e-11
9.442390564311517502e-12
9.443946198608871425e-12
9.442390563356981772e-12
3.566913547305057908e-12
3.567415374457043892e-12
3.566913545201847803e-12
1.882437248029580083e-12
1.882711192620252880e-12
1.882437247652311002e-12
1.476843424334940036e-11
1.477086546143208989e-11
1.476843424088908088e-11
2.334647117716160858e-11
2.335101120088396947e-11
2.334647117660303872e-11
2.715775677849908844e-11
2.716308489296596001e-11
2.715775677966400108e-11
1.993135663153179907e-11
1.993471319373775103e-11
1.993135663145505868e-11
2.050460019058587018e-11
2.050891635096916985e-11
2.050460019065184106e-11
2.091356038769926108e-11
2.091782197218812002e-11
2.091356038711184007e-11
4.677961373864393199e-11
4.678014542207905858e-11
4.677961373755348176e-11
7.114260804058156403e-11
7.115311223514406199e-11
7.114260803966732266e-11
7.639449642108722974e-11
7.640813071565385781e-11
7.639449642153133526e-11
6.817385869621689283e-11
6.818539236927073330e-11
6.817385869559622303e-11
4.829850203599197118e-11
4.830792372431514144e-11
4.829850203559314734e-11
4.102420427666300024e-12
4.102729579656808325e-12
4.102420429298274058e-12
6.434593315970065324e-12
6.435565679106553639e-12
6.434593315734510297e-12
9.396583965102683204e-12
9.398072070327090866e-12
9.396583964210780556e-12
9.586556171807293781e-12
9.587783532749866651e-12
9.586556170434611789e-12
1.088136530292813074e-11
1.088364759649569074e-11
1.088136530235493981e-11
1.473772041751838135e-11
1.474098118919839116e-11
1.473772041671661070e-11
6.398398834560059319e-11
6.399154741316808044e-11
6.398398834704587159e-11
4.138712872660667035e-11
4.139537057141346227e-11
4.138712872715872293e-11
3.870647009032914956e-11
3.869506552787151233e-11
3.870647008808973899e-11
2.976493977239142299e-11
2.977005283116918245e-11
2.976493976915082016e-11
1.498379695125489023e-11
1.498621256635837961e-11
1.498379694924516123e-11
1.561633385603818114e-11
1.561905179539111967e-11
1.561633385510282082e-11
1.634373312048680974e-11
1.634672800752078936e-11
1.634373312062110057e-11
1.496792089643386889e-11
1.497071774988174888e-11
1.496792089456433085e-11
2.482670294377510855e-11
2.482938314276745985e-11
2.482670294276831019e-11
2.772551712862191082e-11
2.772954000523081898e-11
2.772551712681957151e-11
2.188287894928148938e-11
2.188598448846476944e-11
2.188287894792216022e-11
4.503223999319351119e-11
4.503854275379454973e-11
4.503223998983073765e-11
2.568477827499969158e-11
2.568925848463814034e-11
2.568477827696431985e-11
1.729139350817375846e-11
1.728808771570372059e-11
1.729139350710725123e-11
2.087435281077698098e-11
2.087758423091995110e-11
2.087435281174256894e-11
4.026688568733363110e-11
4.027336411130838000e-11
4.026688568487892740e-11
4.237328239931323929e-11
4.238025661372028918e-11
4.237328240123465061e-11
4.948844229636194741e-11
4.949762529989172932e-11
4.948844229710885273e-11
6.241828241518724915e-11
6.242850140985437592e-11
6.241828241312859048e-11
6.242836115548745502e-11
6.243423407789792403e-11
6.242836115502588824e-11
4.648093983318444765e-11
4.648922562936507138e-11
4.648093983303426267e-11
4.465361564830767291e-11
4.466123231806395208e-11
4.465361564712311150e-11
1.026080824842080071e-11
1.026187663100569997e-11
1.026080825045029965e-11
1.459164558578622092e-11
1.459347589329144062e-11
1.459164558411907071e-11
4.124435776027949108e-11
4.124935581577555187e-11
4.124435775847435681e-11
2.996994834756470132e-11
2.996902639449088132e-11
2.996994834630155775e-11
5.025451587243275233e-11
5.026387764808645694e-11
5.025451587042798318e-11
7.493532077731867073e-11
7.494730560138499028e-11
7.493532077756034964e-11
7.149819939455026238e-11
7.150987600345272937e-11
7.149819939230588874e-11
7.296433295845175148e-11
7.297463719261978728e-11
7.296433295935508440e-11
2.978300839884027766e-11
2.978688404073521274e-11
2.978300839796733715e-11
5.501433655610484985e-12
5.502555849300402262e-12
5.501433655132431944e-12
4.233311950558922242e-12
4.231616040004630831e-12
4.233311951716285244e-12
8.486832883701285066e-12
8.488368692328684757e-12
8.486832883270855495e-12
2.632351335892443860e-11
2.632794340919504929e-11
2.632351335990531971e-11
2.684379225537986108e-11
2.684562879452071998e-11
2.684379225538329905e-11
8.945292629011612355e-12
8.946164385982921705e-12
8.945292629126987895e-12
4.291630350555358159e-11
4.292012648523163771e-11
4.291630350690407026e-11
2.405270847816319110e-11
2.405566631450031913e-11
2.405270847861046963e-11
1.083294432166622036e-11
1.083447204636415948e-11
1.083294432180462932e-11
9.977140745610951866e-12
9.978849342682507122e-12
9.977140743650889243e-12
7.041383244363765274e-12
7.042474847906607367e-12
7.041383244808441093e-12
7.330638175402137116e-12
7.331835221487323466e-12
7.330638175304188915e-12
1.172298100903812067e-11
1.172506996537992929e-11
1.172298100853577970e-11
6.088132530649088623e-11
6.088723060288181324e-11
6.088132530710595963e-11
5.992564983875570857e-11
5.993555833824319651e-11
5.992564984031354815e-11
4.011506786300863713e-11
4.012261236002567799e-11
4.011506786141897694e-11
3.410586944889447719e-11
3.411204923026677709e-11
3.410586944687962678e-11
2.350589794772188993e-11
2.351036945942716075e-11
2.350589794805624861e-11
1.118312440045669036e-11
1.118458515566461940e-11
1.118312440055652072e-11
1.065612656889493956e-11
1.065687475558937968e-11
1.065612656885047053e-11
1.140464853675287924e-11
1.140570673658575985e-11
1.140464853655083069e-11
2.652871364169587895e-11
2.653195066502629909e-11
2.652871364127973924e-11
3.610555249795570713e-11
3.610998606654031831e-11
3.610555249792181857e-11
3.324073853786670268e-11
3.324581016990356312e-11
3.324073853711827225e-11
2.564372847224240860e-11
2.564779324274039876e-11
2.564372847094115010e-11
2.172823750679261906e-11
2.173163139693685039e-11
2.172823750745740086e-11
2.450895592251917092e-11
2.451274446151397018e-11
2.450895592234725952e-11
3.079976818054881064e-11
3.080419201317748736e-11
3.079976818032215023e-11
4.096708745042127305e-11
4.097359032817816270e-11
4.096708744772176266e-11
3.998399191560020735e-11
3.999049061880124130e-11
3.998399191436761776e-11
1.175600139055157024e-11
1.175039386388910018e-11
1.175600138966930941e-11
1.321012991426450946e-11
1.321260704880703076e-11
1.321012991368000942e-11
3.564473772516760721e-11
3.564950471389953851e-11
3.564473772288668252e-11
7.609458266724045031e-12
7.609907765651027973e-12
7.609458265865064817e-12
2.629302123918080201e-12
2.629521309674301992e-12
2.629302123517505065e-12
3.712074415230218742e-12
3.712531640179581993e-12
3.712074413550155141e-12
3.237071171671924685e-11
3.237439450827991710e-11
3.237071171838332744e-11
4.505476566231285988e-11
4.506102543188475720e-11
4.505476566207222787e-11
3.808713189449370724e-11
3.809286611178414223e-11
3.808713189334253679e-11
3.187619227600776186e-11
3.188040638680593872e-11
3.187619227569575321e-11
3.321289523929823133e-11
3.321596738881891686e-11
3.321289524010486168e-11
4.398654100797496609e-12
4.399480309919699673e-12
4.398654097735072033e-12
4.028519152092523196e-12
4.029228861913859270e-12
4.028519152206199946e-12
2.140819996263737133e-11
2.141210332230757104e-11
2.140819996117720045e-11
5.088445450349618136e-11
5.089205808412398759e-11
5.088445450278903241e-11
3.450045046378092305e-11
3.450571675632377302e-11
3.450045046262376199e-11
2.125840093695563852e-11
2.126142364110898999e-11
2.125840093797581071e-11
7.275667491788663288e-12
7.276098307580344014e-12
7.275667493129027884e-12
4.096653736776239637e-12
4.096909915902172158e-12
4.096653737247461975e-12
5.187615769561208760e-12
5.188156534826728762e-12
5.187615771102789079e-12
2.086207608884087074e-12
2.086457686188319200e-12
2.086207608214521123e-12
3.400369138249083824e-12
3.400559803764499864e-12
3.400369139020176906e-12
1.420381170277115038e-11
1.420579310488853076e-11
1.420381170197116979e-11
2.648286999354062841e-11
2.648548093680675124e-11
2.648286999439296048e-11
2.352715261333621888e-11
2.353011159341871992e-11
2.352715261305719083e-11
3.384124718458844159e-11
3.384737323040030320e-11
3.384124718338972763e-11
3.795371497650756765e-11
3.796016084152794969e-11
3.795371497669328263e-11
1.404308962725630948e-11
1.404566392106345029e-11
1.404308962446963978e-11
1.383496760990897972e-11
1.383742409921471011e-11
1.383496761016542994e-11
3.137673990541871256e-11
3.138095149131311314e-11
3.137673990572171270e-11
4.402897944750276693e-11
4.403473127979019692e-11
4.402897944811970149e-11
3.902927220469894307e-12
3.903068426526449283e-12
3.902927219948344006e-12
1.961425216821802088e-11
1.961557588171470845e-11
1.961425216813340935e-11
2.533549682144945063e-11
2.533739713261292023e-11
2.533549682263330119e-11
1.270273122872026039e-11
1.270440197879082920e-11
1.270273122867736978e-11
1.634776184678024073e-11
1.635030350169835156e-11
1.634776184597193017e-11
2.022531037905138099e-11
2.022774953504089004e-11
2.022531038091969119e-11
1.740062906899604989e-11
1.740221375902865959e-11
1.740062907042038059e-11
8.967468615957913404e-12
8.968191843124588481e-12
8.967468615117998733e-12
1.080498333545846067e-11
1.080682199262120010e-11
1.080498333461730038e-11
3.151807016509877945e-12
3.152411071449956198e-12
3.151807017441784955e-12
1.587095848415767979e-12
1.587314670462263967e-12
1.587095845739157930e-12
1.336397255102994034e-11
1.336673128442061042e-11
1.336397254949695010e-11
2.690860383873863154e-11
2.691124929900256040e-11
2.690860383860824073e-11
1.159730915482022044e-11
1.159924253570084017e-11
1.159730915411638021e-11
8.258668640728662491e-10
1.432970166046526087e-10
3.708972238863760737e-11
3.740718140564873376e-12
-4.954048898582738355e-12
1.023275244488865934e-11
-7.516101739405795905e-12
-1.774503588546952942e-11
1.375621680244846016e-12
3.535581394553260111e-11
1.459951722617892139e-11
1.608938943709668124e-11
3.807787272955506225e-11
-1.528858986913805041e-12
-7.415849091538750164e-12
4.043676213153155224e-10
2.194698588880660959e-10
1.374956569933269891e-10
1.133302520022041015e-10
2.877666633870118087e-11
9.213561088833262468e-12
1.136838939129023026e-11
2.155456092298668876e-11
1.324550566179403941e-11
7.231020352636915094e-12
1.629380498577774933e-11
1.783090794400991064e-11
2.922903925419837297e-11
2.458759670104182881e-11
3.314685095178179915e-12
3.899787877222676779e-10
2.197181090560548043e-10
7.407863741021147963e-11
4.015960400438607768e-11
3.828515830577632928e-11
4.226036628288861820e-11
5.377911725659801907e-11
3.443631761327995161e-11
3.373512611343831043e-11
2.108158240084064057e-11
1.609479127331729840e-11
7.822153872972183249e-12
-4.297906015180207286e-12
1.151605054054331975e-11
1.464334601965660946e-11
1.972677892013360108e-10
1.296467468562611115e-10
1.492945806767795993e-10
6.331743160813502209e-11
4.938807682582521677e-11
6.143694435876665261e-11
7.635718204401046471e-11
4.055055896016781984e-11
2.591363706814943977e-11
2.998506178887498026e-11
1.808400614594655126e-11
2.267454535884185907e-11
2.989083011135800793e-11
3.073277185070715781e-11
3.506066502687340075e-11
1.626232052934683123e-10
1.133189957199013981e-10
1.013466345926999955e-10
9.501798219224101057e-11
8.550995020985978700e-11
5.797124987889479256e-11
2.294746006106333842e-11
3.627230776699974145e-11
5.302733661596170741e-11
3.506713367289250732e-11
2.940827036834593870e-11
1.432845052788044999e-11
2.268335993585029889e-11
4.611856931682161224e-11
2.205627291650388147e-11
1.475937420825983069e-10
1.005006060698539967e-10
7.673066916046443873e-11
8.783444249020736832e-11
6.440429456421639555e-11
5.983725391971700499e-11
7.824342676144505361e-11
3.496300770495434896e-11
2.497264911328356068e-11
3.912334658922627883e-11
4.074216120025954733e-11
3.166103577106599176e-11
1.453119673137866985e-11
3.609835583937700014e-12
1.069162831787348965e-11
1.381489217556607931e-10
1.062437437637648064e-10
7.847998375423214231e-11
7.494660957375800974e-11
5.582416743125517710e-11
5.607784132608802245e-11
8.547043484434136136e-11
3.436761002335557062e-11
2.456367087312318917e-11
1.325122217306504986e-11
1.640068667786820936e-11
2.639829395803915153e-11
2.275399173980122924e-11
2.348949934798194876e-11
1.647791924424197001e-11
1.340460201142114072e-10
1.040419446489721052e-10
7.551706301661316554e-11
7.475541527131131675e-11
5.452987678060877775e-11
5.222048796208114793e-11
3.620565855080409045e-11
5.699177140416671878e-11
2.724485500093881024e-11
2.219478873043858071e-11
3.118574834354085753e-11
2.577561078799332147e-11
2.202622926624824083e-11
2.484639859027470065e-11
1.637115792520826160e-11
1.092094481453599011e-10
1.011406281804591052e-10
8.135933317306487341e-11
5.159870510624028322e-11
7.388030468341544799e-11
6.061386910836612933e-11
3.262819937186225180e-11
3.759362890714322218e-11
2.513395845355585920e-11
1.507730066973243103e-11
1.825168489029942843e-11
2.576459114487391897e-11
3.797470742809879789e-11
2.669250530956727016e-11
1.414434051914882948e-11
9.894875994530184162e-11
9.680938660990834519e-11
5.469971938825419883e-11
6.287686724755507350e-11
5.359071851181737730e-11
3.592760409872622794e-11
3.606601380807987184e-11
3.612684627309332765e-11
6.832938473103064195e-11
3.936430817578137233e-11
1.951376127989413019e-11
2.151017705372504860e-11
2.013597341008328948e-11
2.617229882656217905e-11
2.822337483153517869e-11
8.996131928410093049e-11
6.282879637671862136e-11
7.356694845626858025e-11
7.609880111936389450e-11
5.444567725559457218e-11
3.886339390690105788e-11
3.577588762497621693e-11
3.173276599466225239e-11
1.915839395236289976e-11
4.031949599978207276e-11
3.932109962601125771e-11
2.752012558496605101e-11
3.073743276708762708e-11
3.849727809701014137e-11
3.700449436230732273e-11
7.934058254250001421e-11
6.206745827813603474e-11
5.843838554197545708e-11
6.651839773593583669e-11
5.731023210629078797e-11
4.646105239600986207e-11
3.969143346224063103e-11
2.895060411678953106e-11
1.286602658593786043e-11
3.014927001628721780e-11
4.031702587769749975e-11
5.575302129849799894e-11
2.928234913359288087e-11
1.605728421063930045e-11
1.815983726098768880e-11
7.173059128616291903e-11
6.706242061420202596e-11
5.731542015359591874e-11
3.784095349721419123e-11
4.462450552466897175e-11
5.343145005721932716e-11
4.590498745340813883e-11
2.761435575189186006e-11
4.168734252808039819e-11
3.052043506577165798e-11
2.293461939342617871e-11
2.627174708305051081e-11
4.567095816516445786e-11
2.930276562528776944e-11
2.461008623879967002e-11
6.445477914055929280e-11
7.024397463619876278e-11
5.626697071467277134e-11
4.095718227383659255e-11
4.331057750239858870e-11
4.262633455973301864e-11
3.362347455844418292e-11
3.057142987834693740e-11
3.137110199929771097e-11
2.640759568505224919e-11
4.685149037914395206e-11
2.648034886830211876e-11
2.812578111897230982e-11
1.664800272620564008e-11
2.819408804702433847e-11
