1.353540937998332083e-06
1.353540937998332083e-06
1.353540937998332083e-06
9.131971978604269680e-07
9.132089644481311552e-07
9.131971978604269680e-07
7.727967954451742116e-07
7.728085620328783989e-07
7.727967954451742116e-07
5.666216225108655635e-07
5.666290689987363294e-07
5.666216225108655635e-07
9.360936701341415755e-07
9.361083357362076640e-07
9.360936701341415755e-07
8.615058959549060091e-07
8.615182309767988045e-07
8.615058959549060091e-07
7.882153454374929424e-07
7.882272257120348513e-07
7.882153454374929424e-07
6.029636097082402557e-07
6.029704877619224135e-07
6.029636097082402557e-07
6.935276246622379404e-07
6.935386522854969371e-07
6.935276246622379404e-07
8.170321734723984264e-07
8.170445653377100825e-07
8.170321734723984264e-07
8.170321734723984264e-07
8.170445653377100825e-07
8.170321734723984264e-07
6.935276246622379404e-07
6.935386522854969371e-07
6.935276246622379404e-07
6.029636097082402557e-07
6.029704877619224135e-07
6.029636097082402557e-07
7.882153454374929424e-07
7.882272257120348513e-07
7.882153454374929424e-07
8.615058959549060091e-07
8.615182309767988045e-07
8.615058959549060091e-07
9.360936701341415755e-07
9.361083357362076640e-07
9.360936701341415755e-07
5.666216225108655635e-07
5.666290689987363294e-07
5.666216225108655635e-07
7.727967954451742116e-07
7.728085620328783989e-07
7.727967954451742116e-07
9.131971978604269680e-07
9.132089644481311552e-07
9.131971978604269680e-07
1.353540937998332083e-06
1.353540937998332083e-06
1.353540937998332083e-06
2.799206413328647614e-06
4.403543698572320864e-07
1.404022214046563022e-07
2.061812267584173242e-07
5.666290689987363294e-07
1.863112856881343760e-06
5.149466915099765174e-07
2.136516172868141439e-07
3.914401816018653335e-07
1.169585175375686958e-06
1.169585175375686958e-06
3.914401816018653335e-07
2.136516172868141439e-07
5.149466915099765174e-07
1.863112856881343760e-06
5.666290689987363294e-07
2.061812267584173242e-07
1.404022214046563022e-07
4.403543698572320864e-07
2.799206413328647614e-06
