9.230457982702944264e-04
3.810773472109101334e-01
4.789317691695771373e-04
2.686548259713816833e-04
3.418875996596195677e-01
2.638422221394876033e-04
2.103882469697282431e-04
2.970177209693698472e-01
2.111710338805750098e-04
2.057592123296814179e-04
3.025233150474697652e-01
2.078556332900660664e-04
2.150960212805586025e-04
1.571328662164699352e-01
2.118141962501596254e-04
1.970872053806971280e-04
2.408993687204290524e-01
1.975600748398420592e-04
2.084033489495595859e-04
2.338827653196400291e-01
2.040091142614386399e-04
2.290695384488117270e-04
1.547565778190111985e-01
2.344640897486982567e-04
2.324756247400472375e-04
1.118459210767213108e-01
2.328321852793635571e-04
1.816458644992025029e-04
1.770300785997704907e-01
1.778751235494979710e-04
1.571790658516647454e-04
1.651032505549885343e-01
1.584314203810777144e-04
1.354417676893149292e-04
1.261829172427493262e-01
1.350343985109248024e-04
8.079034754082670133e-05
2.376411251770882416e-01
8.134989619001942174e-05
8.354310017111288289e-05
2.440336279978492229e-01
8.385205816985319416e-05
1.190235611350232148e-03
2.673334344033300169e-01
6.055592716496249750e-04
4.961259165909837066e-04
2.625040395315885178e-01
5.019100654006791729e-04
3.558646194701253762e-04
2.050976217002702384e-01
3.539167428794343095e-04
1.955023376396525236e-04
2.572677766696997992e-01
1.903160195411146560e-04
1.428472184290541236e-04
2.313754204923803570e-01
1.435764070194522901e-04
1.450193175607239482e-04
1.551233146669694918e-01
1.458894421908496497e-04
1.190159591502037983e-04
1.986864015793692317e-01
1.179047804011901235e-04
6.250239273875024537e-05
2.352320292057008544e-01
6.394316347879680507e-05
4.682394484056828787e-05
2.134954293443307449e-01
4.587588341919968116e-05
8.562160511971228516e-05
1.321458795229002448e-01
8.611620073040171519e-05
8.370829887027753102e-05
1.697636089984797536e-01
8.415910308023910602e-05
8.167125730906832359e-05
1.709536985364596973e-01
8.183005945028298811e-05
9.449985039111652441e-05
1.167165510775589610e-01
9.530396241963501325e-05
5.759713376107811200e-05
2.152684495355998706e-01
5.729697558010116154e-05
4.079345086971386536e-05
2.298323450318200400e-01
2.063496289927968519e-05
2.027572967122637237e-05
2.344309404310198630e-01
2.032417677000353251e-05
1.116023811302824242e-04
1.938775071498994862e-01
1.131791906203716280e-04
2.198517718188242043e-04
1.784556711369411630e-01
2.123259975892466400e-04
1.989364987196040602e-04
1.778707339531511167e-01
2.044517672494805538e-04
1.566275337303579818e-04
1.634096373975797434e-01
1.537379479294997964e-04
9.348166940092994537e-05
2.286623090384800605e-01
9.334187505949387287e-05
7.506881402008502846e-05
2.118615261212895007e-01
7.470207708060172536e-05
4.578269827959502436e-05
1.901732085841096875e-01
4.685003755966477001e-05
2.684433431099364498e-05
1.651090285501801702e-01
2.683260658997710379e-05
2.711969138857739381e-05
1.742202324527308832e-01
2.741958014951251243e-05
4.202918119133869368e-05
1.965070364150598436e-01
4.137082912869516349e-05
8.954508084002554824e-05
1.075462808715812457e-01
8.841444942930820616e-05
1.069584881605578630e-04
1.427067427021295742e-01
1.057849936199062313e-04
5.372440205899664534e-04
1.931942482098811809e-01
2.734910416499758412e-04
4.013225180088397792e-04
1.691108251005903895e-01
4.034802774803836201e-04
2.961679488890922585e-04
1.594564791739010445e-01
3.003120180498086711e-04
2.668101616194462622e-04
1.757969397402305844e-01
2.689329195693090924e-04
2.527429179899343126e-04
1.830822238587099804e-01
2.510779714199884438e-04
2.232988428509941059e-04
1.764880790616789596e-01
2.195972752900843261e-04
1.874468209202007074e-04
2.043378257704198120e-01
1.900230295408533721e-04
1.811968812095443582e-04
2.105694821750301315e-01
1.825546981706338556e-04
1.939381522788607981e-04
1.664598013604798865e-01
1.922016896198641689e-04
1.793641588001548826e-04
1.527058086828603223e-01
1.748042867593113669e-04
1.720103557403263039e-04
1.484560619370611789e-01
1.744082727892504181e-04
1.532441241796078657e-04
1.482728501165304635e-01
1.502496720409141062e-04
1.024806568885594515e-04
1.678515604559009944e-01
1.065661605004208923e-04
7.864836993931589859e-05
1.519966836235404628e-01
7.654901175868644714e-05
1.014396181400201158e-04
1.668603519790110568e-01
5.009720865878364293e-05
7.370558350139333470e-05
1.787710860841702498e-01
7.275192145961284496e-05
1.411795743191390784e-04
1.061707619417902038e-01
1.406047756997708120e-04
9.551504334126548201e-05
1.611793202631996991e-01
9.748283027910531473e-05
4.508789181123518119e-05
1.966559278280683998e-01
4.436790058015560589e-05
4.931790076057041006e-05
1.901302554013000190e-01
4.863837827961958737e-05
1.238274356207824667e-04
1.663107988171699247e-01
1.226610368192382339e-04
1.286274366396611413e-04
1.847036897185798665e-01
1.317782206307072101e-04
9.304267704024482555e-05
1.750185931540002571e-01
9.344579049042067709e-05
8.615497294961471653e-05
1.244529859103291614e-01
8.711943080008666129e-05
7.068982749025565226e-05
1.611920805478206375e-01
6.867468943916321678e-05
8.043964277959503306e-05
1.641379371653410857e-01
8.121515386960709293e-05
9.147293392963717906e-05
1.694749099767900447e-01
9.391921460100149943e-05
7.143897517991604218e-05
1.596638756387100955e-01
7.087368216929235132e-05
4.332627679026757050e-05
1.439118742270792950e-01
2.212269091117491371e-05
4.100089184966293487e-05
1.718181540109604555e-01
3.961454119938423446e-05
7.454163656994694520e-05
1.022177368021193189e-01
7.364311503010867455e-05
8.378112832119199993e-05
1.546799376130501003e-01
8.399400507030918561e-05
1.137311253298634028e-04
1.726909985727385077e-01
1.138275760901308331e-04
1.111230378398886387e-04
1.353920497382414823e-01
1.123154972688666930e-04
3.350661189038817156e-05
1.930713692265104697e-01
3.404182998956173378e-05
3.593929002043694254e-05
2.075462801349896580e-01
3.628985819048580197e-05
7.731112200026757364e-05
1.504218661258391876e-01
7.404278792044749480e-05
6.836354626038598781e-05
1.141789573084288634e-01
7.165170505984974625e-05
5.497797173958929307e-05
1.205176533229916913e-01
5.326262930971381593e-05
2.861770592943457814e-05
1.899871409524092059e-01
2.891552886019610469e-05
4.062814831051753117e-05
2.110971009806696941e-01
4.031338608001533430e-05
1.009136322309700518e-04
1.164754653529485040e-01
1.001180911917032290e-04
2.684126248020390904e-05
1.182409015160299504e-01
1.334638874084248528e-05
5.041669739469512024e-06
1.542131478854305016e-01
5.237519198786344532e-06
2.764098731233843864e-06
1.111755075234395207e-01
2.644447809174721442e-06
2.074669611040746986e-05
1.347418534109010579e-01
2.126427041027056930e-05
3.361532224843699623e-05
1.681167902318509988e-01
3.339744444907921661e-05
3.884954034027998659e-05
1.528154968500601285e-01
3.908597357060727973e-05
2.868559744939602751e-05
1.420907334776302378e-01
2.899508510978421327e-05
2.982900956105538626e-05
1.870207021295495764e-01
2.940831413944522410e-05
2.999485715093896943e-05
1.780370749190787194e-01
2.970572189120446183e-05
6.644598863836392866e-05
1.166845284977604535e-01
6.538517665966026016e-05
9.943801634015869695e-05
1.048433050869608252e-01
1.017485048304678230e-04
1.092597811886975023e-04
1.431407320517212867e-01
1.089073893787428915e-04
9.718811331005383636e-05
1.346603488627700074e-01
9.704214455119597460e-05
6.875054904931232613e-05
1.750665023841797563e-01
7.095132963996775288e-05
1.159470353151448307e-05
1.005258709902001613e-01
5.785058929674846695e-06
9.073790019797911555e-06
1.342082019708499274e-01
9.264823200183514018e-06
1.352963347933666682e-05
1.081339981723097310e-01
1.352668953025215615e-05
1.380016072083378731e-05
1.156920786846100668e-01
1.400782367966257880e-05
1.589979173033384541e-05
1.684348720813400035e-01
1.549241335929707475e-05
2.098292359065112578e-05
1.802519181477002519e-01
2.113270509873643732e-05
9.174789034993580117e-05
8.368836495113995966e-02
9.200695805056113841e-05
5.951338630971747534e-05
1.663453103938898892e-01
5.970807750976803163e-05
5.584076469133947285e-05
1.410819660605895365e-01
5.323268849899420729e-05
4.093547573091882441e-05
1.293393084872302978e-01
4.306325465996962976e-05
2.167822508880590249e-05
1.336513440612900894e-01
2.164505440127584279e-05
2.255879446977360203e-05
1.342759210359503186e-01
2.200749591985129427e-05
2.303259158864534584e-05
1.367523952800304698e-01
2.350177297039124369e-05
2.152339835959082848e-05
1.538862736974699885e-01
2.147674535990518052e-05
7.107590456101320342e-05
8.323283187236896197e-02
3.572330485113184295e-05
3.989442748952853890e-05
1.127573407154294216e-01
3.888319812972440559e-05
3.068928575977736273e-05
1.074481941553813158e-01
3.194681320906056499e-05
6.574256354063834351e-05
9.505054301891036062e-02
6.320795822922775642e-05
3.605155757036015984e-05
1.655712582692494550e-01
3.591539170066937459e-05
2.417880210003886532e-05
1.569428235905601099e-01
2.503873805892453674e-05
3.022702895094653286e-05
1.127981007440794770e-01
2.967542874010575815e-05
5.724427039055512978e-05
1.196666819194689424e-01
5.687913158070045938e-05
5.985452970058702249e-05
1.284831729850992588e-01
6.047201017977954507e-05
7.062623937947876129e-05
1.502460278679809136e-01
7.199317249906300731e-05
9.080282112172710640e-05
1.217355821228895962e-01
8.888750192959093965e-05
8.890185469034861399e-05
1.244822546739090541e-01
9.107864905111284770e-05
6.781246741027757707e-05
1.440307929601196690e-01
6.772256407927557120e-05
6.506015924934160921e-05
1.284667327663413516e-01
6.329084733991408029e-05
2.886530933920994357e-05
7.855523120833041162e-02
1.446016061024124610e-05
2.056344233025697577e-05
9.929273442874020361e-02
2.143059454873252889e-05
6.057514923085705050e-05
7.973870670054949983e-02
5.838392861079455542e-05
4.242430770950988972e-05
1.167846490683803751e-01
4.275248931051578438e-05
7.168866717854882609e-05
1.535102919108801700e-01
7.232728001049792965e-05
1.078483761194348745e-04
1.200041948698604699e-01
1.089638988194252534e-04
1.039659600206022105e-04
1.209194603194294615e-01
1.038744072605624069e-04
1.060044435003959507e-04
9.626989170003064089e-02
1.016011425587493022e-04
4.147214892036288347e-05
1.000650706954306912e-01
4.310827588938082044e-05
7.962839639219509991e-06
1.608442589318901383e-01
8.067297629921199587e-06
6.207725039786282650e-06
1.413170290347807168e-01
6.091340180702786711e-06
1.221175920917971780e-05
1.470925862498297931e-01
1.203414669959101957e-05
3.732617638085855560e-05
1.236723078850801016e-01
3.758314664992212784e-05
3.832596991060199798e-05
9.313900507615890945e-02
3.865092588029028775e-05
2.593482571100480527e-05
7.714785556575876058e-02
1.287143992989570052e-05
6.175254912044181310e-05
6.357606257865988653e-02
6.098461929049392438e-05
3.417920813042485406e-05
8.836642603771949211e-02
3.457952299079636305e-05
1.557404845975440821e-05
1.070146735074501976e-01
1.539704908992689525e-05
1.418068081981971318e-05
1.294200305598796064e-01
1.428477122011884148e-05
1.008150042913769084e-05
1.204298927763414184e-01
1.026607495901998846e-05
1.068779790003304697e-05
1.212063805325609422e-01
1.063142040003128841e-05
1.700151288908102742e-05
1.353221172542209416e-01
1.660875471998224384e-05
8.625476729839931522e-05
6.623292533460123366e-02
8.636528673022780822e-05
8.500958058910157433e-05
1.194901181149301550e-01
8.630248889041070015e-05
5.777209270974026367e-05
1.468091371703401649e-01
5.831870914008163709e-05
4.958262283949466109e-05
1.432308361993808177e-01
4.981322233987839354e-05
3.433146667930486728e-05
1.388566910130499821e-01
3.279300321956668540e-05
1.560154116120315848e-05
9.761076631698983874e-02
1.622926848909855835e-05
2.900722471999017671e-05
5.603175822749051349e-02
1.578810080893333634e-05
1.689710981978009841e-05
7.290414607139084069e-02
1.623744119960690568e-05
3.777042551966758310e-05
9.033256090271990502e-02
3.785166907022130545e-05
5.151608340092650451e-05
8.742567871894912912e-02
5.157157194979333781e-05
4.747959857986927545e-05
1.100946110918101795e-01
4.731656115097848669e-05
3.650258988940890958e-05
1.157609292531098788e-01
3.664415699056178255e-05
3.104903201034403537e-05
1.144900521022300666e-01
3.151185775962517255e-05
3.554465624944214142e-05
1.080987465368803413e-01
3.528912121986138573e-05
4.434692183963306888e-05
1.068935422057499807e-01
4.323103761016966473e-05
5.750204639021205821e-05
1.181151251742207364e-01
5.797908549887154095e-05
5.658774959016454886e-05
1.270201203898508879e-01
5.750821600969402425e-05
1.690843346935366753e-05
1.493664131316698729e-01
1.675926251998305361e-05
1.883225664123244769e-05
1.514150722786187231e-01
1.877176452147466534e-05
5.065163078832313204e-05
9.533978226273021050e-02
5.045732158137639090e-05
2.197509506096650966e-05
4.143630994357927477e-02
1.057394188030968962e-05
3.653622490773500431e-06
6.941346154278882352e-02
3.731480569868494968e-06
5.268140711223168182e-06
9.803315426042935599e-02
5.317060699283615577e-06
4.636680732161835294e-05
7.866002866284915740e-02
4.561879329045837039e-05
6.349394042004519179e-05
9.786013351275890670e-02
6.463289786040604668e-05
5.463754320977898260e-05
1.067488094993311876e-01
5.332489237908077939e-05
4.462910274938280963e-05
9.694138308374000701e-02
4.555999177036085257e-05
4.747051406006619345e-05
6.774533541629956801e-02
4.851974396125058320e-05
6.425864679471260388e-06
1.495043903887793846e-01
6.355526600998473441e-06
5.820726078908933232e-06
1.344123151363110225e-01
5.747967119162922245e-06
3.054562355053747069e-05
1.457537838722799961e-01
3.036933441080691409e-05
7.218388366858619065e-05
1.127922656803210799e-01
7.317024135922167716e-05
4.961056007957154179e-05
1.205193227364613762e-01
5.018943345014292845e-05
3.092559908957071002e-05
1.013258123073192962e-01
3.114555730121537636e-05
2.129066036005156093e-05
3.739197812777916852e-02
1.037436377160361189e-05
5.841412638929455170e-06
5.999429133050959706e-02
5.792896761391830296e-06
7.335577889122646411e-06
7.363851169134960628e-02
7.446686300482951992e-06
2.994696279401409811e-06
8.837104428948983070e-02
2.940011780694362642e-06
4.792008839515915497e-06
1.086012472646107341e-01
4.795056039341716314e-06
2.002961159064398089e-05
9.786119354284039673e-02
2.030997784885357760e-05
3.786775791070340347e-05
6.764676574895922556e-02
3.620624312006270884e-05
3.216531318983584242e-05
9.143507168561093579e-02
3.348974795969184015e-05
4.817135575940767467e-05
1.314493453607408213e-01
4.870498339926143672e-05
5.462372730136166865e-05
1.182369793392386015e-01
5.585442551137020928e-05
2.066645396858746153e-05
1.533633426857008430e-01
2.016285828965180826e-05
1.986403981035778088e-05
1.447066120771207665e-01
1.993323855842277226e-05
4.520719232026237933e-05
9.488407189158998278e-02
4.553481815960935819e-05
6.389610836166070840e-05
9.141406465518997493e-02
6.343637189942796795e-05
1.116638090969956920e-05
4.259520976786035362e-02
5.689064909830676697e-06
2.859052898962488598e-05
4.656679990896073207e-02
2.787807214943427425e-05
3.600977504980562571e-05
5.466724231352060315e-02
3.692188590953549010e-05
1.851192405055712698e-05
9.166271081837962242e-02
1.795091523071334905e-05
2.310190476961793138e-05
1.076118008225392941e-01
2.386609620153024025e-05
2.952692898894326845e-05
8.394933257487124934e-02
2.842450918905115032e-05
2.445472190970576776e-05
6.213943060729043566e-02
2.432134673924224444e-05
1.253408210999396033e-05
9.294809345321120020e-02
1.267510820923689607e-05
1.527235152032346832e-05
1.216231164333798631e-01
1.558125480016769870e-05
4.545042470383009459e-06
1.517695902995193080e-01
4.601322810771080185e-06
2.317001099427784538e-06
1.201244117427595626e-01
2.339831709718964703e-06
1.970230522019278396e-05
1.481600940374914188e-01
1.908850644838366861e-05
3.843505785106060557e-05
6.537854051189029292e-02
3.699198937923142694e-05
1.594313624053711465e-05
1.211707872272391739e-01
1.659369053008674655e-05
3.035453266485106383e-01
1.901952311564905074e-01
1.112772099623402511e-01
1.964533277473989870e-02
-2.563800209146904763e-02
4.846406559235916234e-02
-3.741572698156936383e-02
-7.278758244549976553e-02
7.350780869209927459e-03
1.086276811550597188e-01
6.355569889599088640e-02
6.806831425519987988e-02
1.127321206994693625e-01
-8.164789830980012653e-03
-3.698246934222915172e-02
2.573479755254606260e-01
2.181125196847197856e-01
1.890819845086006978e-01
1.773768701676310400e-01
9.861112404709970747e-02
4.522340214839104533e-02
5.352918160090958111e-02
8.345499186492943977e-02
6.010781411540122576e-02
3.678552626275966020e-02
6.963061442509044241e-02
7.397390974892914528e-02
9.944714632108997421e-02
9.026503183257084117e-02
1.780117437153982962e-02
2.353048592419391127e-01
1.994160690684712023e-01
1.348601566270897223e-01
1.008108270462795275e-01
9.825566096134963345e-02
1.035675834903493353e-01
1.167785557909297722e-01
9.264471882887015397e-02
9.156665557089027629e-02
6.814675545331994044e-02
5.604402709065858801e-02
3.057173593198037054e-02
-1.744235658064852146e-02
4.289401029079087380e-02
5.212640511211930061e-02
2.441191814379397584e-01
2.171260869716284958e-01
2.261280026646801389e-01
1.725275898156493071e-01
1.575672251310500371e-01
1.707265640033899246e-01
1.840238005039100955e-01
1.458657921726391749e-01
1.198966537940791000e-01
1.282557942132314110e-01
9.982207739889048526e-02
1.123510418980497860e-01
1.280742899472890883e-01
1.296739847993197969e-01
1.373282920901406357e-01
2.550032875317302938e-01
2.319687219207011708e-01
2.249499477755794175e-01
2.208633230374896783e-01
2.143387176471112099e-01
1.905118913008099213e-01
1.358991678938199499e-01
1.624807982726004241e-01
1.851352121799507700e-01
1.605033505941797500e-01
1.501960628398499864e-01
1.094905116991409244e-01
1.352355939243494731e-01
1.767533343140890167e-01
1.336236430944008902e-01
2.967898799440398250e-01
2.710936459165100842e-01
2.534183035468693390e-01
2.622332980631298938e-01
2.421694496941100283e-01
2.374346954185000413e-01
2.547126395091208195e-01
2.037221360009198179e-01
1.831835661709693142e-01
2.107071216333302743e-01
2.132045087366396530e-01
1.976231064207301102e-01
1.509373314558200008e-01
7.461386806139103101e-02
1.331435752478888901e-01
2.955733762705197165e-01
2.778355378559300704e-01
2.578386513656312218e-01
2.548187897909706123e-01
2.357548120825594395e-01
2.360372733704405590e-01
2.634378747828591827e-01
2.051615804222102213e-01
1.845461728266695189e-01
1.476404368423285263e-01
1.602473843968912348e-01
1.888975601295399542e-01
1.798591482335911707e-01
1.818034987575494199e-01
1.605265683358698681e-01
2.986487614611004204e-01
2.814451417902201769e-01
2.600547195471989426e-01
2.594044953062297765e-01
2.388641021778994400e-01
2.360410631099902901e-01
2.127390704643197239e-01
2.417249538665497965e-01
1.950412273302806199e-01
1.824536873414803750e-01
2.034190274037186441e-01
1.916396325088793873e-01
1.819813803601899593e-01
1.893487787072096751e-01
1.640145886389507979e-01
2.205755715271404682e-01
2.158344971236392240e-01
2.023331072482097426e-01
1.746799427722507403e-01
1.963702750969709143e-01
1.843813577365196466e-01
1.476103237505999033e-01
1.558796212355400002e-01
1.325763132001895883e-01
1.041224647954503979e-01
1.145941065847502216e-01
1.340081622388105131e-01
1.564627592168985615e-01
1.360436484334002216e-01
1.006645466324194160e-01
2.233047490777195776e-01
2.218928542308393759e-01
1.862569255122910050e-01
1.948344445027405669e-01
1.850102632423400451e-01
1.608044513961903732e-01
1.610336846031206193e-01
1.611340836672709997e-01
2.000123139030112185e-01
1.662682081714006443e-01
1.250693492866510326e-01
1.306652491588398135e-01
1.268786490476614404e-01
1.420552473224994117e-01
1.464818624771897504e-01
1.809285806288603027e-01
1.598184723504800786e-01
1.690569532258194840e-01
1.710299514542885646e-01
1.515130732235885347e-01
1.322539844632100170e-01
1.276378201114702904e-01
1.209627333526093196e-01
9.377658614512895952e-02
1.343521609216988821e-01
1.329213370433990349e-01
1.131303254266597946e-01
1.192001742097588135e-01
1.317290350265913901e-01
1.295273291150511596e-01
1.553074806832093202e-01
1.406997861107104342e-01
1.371833521341496720e-01
1.448189085986797409e-01
1.360421564878411260e-01
1.238410095873394567e-01
1.148637055222696546e-01
9.734266470852936948e-02
5.701441006850060944e-02
9.955046168336068035e-02
1.157437392067599546e-01
1.344242216815505486e-01
9.796176065924022680e-02
6.712820708944988723e-02
7.307519933806005952e-02
1.787958597675807226e-01
1.747506439389709954e-01
1.653357229330314482e-01
1.409452774267307973e-01
1.505702421608194896e-01
1.611928161392697234e-01
1.522375773366295704e-01
1.229268449083598114e-01
1.465862459807993901e-01
1.286152959006390262e-01
1.125388695631812652e-01
1.201283427308990071e-01
1.519371322810396663e-01
1.262928234531184302e-01
1.164463371248594115e-01
1.907583990738697111e-01
1.959468211356387712e-01
1.825641640058286441e-01
1.636510440247693765e-01
1.669732386848803429e-01
1.660211731789011935e-01
1.521269240596705430e-01
1.465942909856199350e-01
1.480668668823899026e-01
1.381746152221907664e-01
1.716058943949398952e-01
1.383307909725495222e-01
1.417832664662199704e-01
1.122624201232707009e-01
1.419243470418294351e-01
