3.875864028930664062e+00
1.496721267700195312e+00
1.937932968139648438e+00
1.307470321655273438e+00
1.075869560241699219e+00
1.307470321655273438e+00
1.106451988220214844e+00
1.019371032714843750e+00
1.106451988220214844e+00
8.112602233886718750e-01
9.418992996215820312e-01
1.622521400451660156e+00
2.680503845214843750e+00
1.086040496826171875e+00
1.340253829956054688e+00
1.233460426330566406e+00
1.054166793823242188e+00
1.233460426330566406e+00
1.128527641296386719e+00
1.025304794311523438e+00
1.128526687622070312e+00
8.632936477661132812e-01
9.557466506958007812e-01
1.726586341857910156e+00
1.985916137695312500e+00
9.895896911621093750e-01
9.929590225219726562e-01
1.169785499572753906e+00
1.036454200744628906e+00
1.169785499572753906e+00
1.169785499572753906e+00
1.036454200744628906e+00
1.169785499572753906e+00
9.929580688476562500e-01
9.895906448364257812e-01
1.985916614532470703e+00
1.726585388183593750e+00
9.557476043701171875e-01
8.632936477661132812e-01
1.128526687622070312e+00
1.025304794311523438e+00
1.128527641296386719e+00
1.233460426330566406e+00
1.054166793823242188e+00
1.233461380004882812e+00
1.340251922607421875e+00
1.086040496826171875e+00
2.680504322052001953e+00
1.622520446777343750e+00
9.418992996215820312e-01
8.112602233886718750e-01
1.106451988220214844e+00
1.019371032714843750e+00
1.106451988220214844e+00
1.307470321655273438e+00
1.075870513916015625e+00
1.307469844818115234e+00
1.937932014465332031e+00
1.496721506118774414e+00
3.875864267349243164e+00
3.095312118530273438e+00
8.915920257568359375e-01
7.218694686889648438e-01
7.719535827636718750e-01
9.418992996215820312e-01
2.060197830200195312e+00
9.218645095825195312e-01
7.768020629882812500e-01
8.704681396484375000e-01
1.293306827545166016e+00
1.293306350708007812e+00
8.704681396484375000e-01
7.768020629882812500e-01
9.218654632568359375e-01
2.060196876525878906e+00
9.419002532958984375e-01
7.719535827636718750e-01
7.218694686889648438e-01
8.915915489196777344e-01
3.095312595367431641e+00
